0.000000  1.013692322302
0.002000  1.013692256587
0.004000  1.013692162696
0.006000  1.013692053300
0.008000  1.013691938312
0.010000  1.013691824733
0.012000  1.013691717258
0.014000  1.013691618790
0.016000  1.013691530872
0.018000  1.013691454054
0.020000  1.013691388181
0.022000  1.013691332629
0.024000  1.013691286489
0.026000  1.013691248705
0.028000  1.013691218170
0.030000  1.013691193805
0.032000  1.013691174597
0.034000  1.013691159631
0.036000  1.013691148104
0.038000  1.013691139324
0.040000  1.013691132710
0.042000  1.013691127782
0.044000  1.013691124150
0.046000  1.013691121502
0.048000  1.013691119591
0.050000  1.013691118228
0.052000  1.013691117265
0.054000  1.013691116593
0.056000  1.013691116129
0.058000  1.013691115812
0.060000  1.013691115598
0.062000  1.013691115455
0.064000  1.013691115360
0.066000  1.013691115299
0.068000  1.013691115259
0.070000  1.013691115234
0.072000  1.013691115218
0.074000  1.013691115208
0.076000  1.013691115202
0.078000  1.013691115198
0.080000  1.013691115195
0.082000  1.013691115193
0.084000  1.013691115190
0.086000  1.013691115186
0.088000  1.013691115180
0.090000  1.013691115168
0.092000  1.013691115148
0.094000  1.013691115114
0.096000  1.013691115056
0.098000  1.013691114956
0.100000  1.013691114787
0.102000  1.013691114505
0.104000  1.013691114036
0.106000  1.013691113263
0.108000  1.013691111999
0.110000  1.013691109949
0.112000  1.013691106651
0.114000  1.013691101388
0.116000  1.013691093060
0.118000  1.013691079987
0.120000  1.013691059634
0.122000  1.013691028209
0.124000  1.013690980085
0.126000  1.013690906996
0.128000  1.013690796901
0.130000  1.013690632431
0.132000  1.013690388757
0.134000  1.013690030709
0.136000  1.013689508940
0.138000  1.013688754847
0.140000  1.013687673957
0.142000  1.013686137385
0.144000  1.013683970959
0.146000  1.013680941526
0.148000  1.013676739941
0.150000  1.013670960193
0.152000  1.013663074139
0.154000  1.013652401336
0.156000  1.013638073527
0.158000  1.013618993446
0.160000  1.013593787776
0.162000  1.013560754277
0.164000  1.013517803403
0.166000  1.013462394996
0.168000  1.013391471006
0.170000  1.013301385569
0.172000  1.013187834106
0.174000  1.013045783490
0.176000  1.012869405586
0.178000  1.012652016735
0.180000  1.012386025800
0.182000  1.012062893435
0.184000  1.011673105030
0.186000  1.011206159495
0.188000  1.010650575550
0.190000  1.009993916600
0.192000  1.009222834554
0.194000  1.008323132146
0.196000  1.007279842506
0.198000  1.006077323916
0.200000  1.004699366992
0.202000  1.003129310964
0.204000  1.001749858456
0.206000  1.000545039221
0.208000  0.999499140828
0.210000  0.998596861044
0.212000  0.997823447696
0.214000  0.997164822538
0.216000  0.996607686009
0.218000  0.996139600739
0.220000  0.995749052596
0.222000  0.995425489106
0.224000  0.995159335950
0.226000  0.994941993042
0.228000  0.994765812358
0.230000  0.994624060131
0.232000  0.994510866340
0.234000  0.994421164526
0.236000  0.994350624932
0.238000  0.994295583809
0.240000  0.994252971411
0.242000  0.994220240884
0.244000  0.994195299853
0.246000  0.994176446079
0.248000  0.994162308183
0.250000  0.994151792055
0.252000  0.994144033240
0.254000  0.994138355324
0.256000  0.994134234123
0.258000  0.994131267317
0.260000  0.994129149077
0.262000  0.994127649137
0.264000  0.994126595772
0.266000  0.994125862129
0.268000  0.994125355385
0.270000  0.994125008260
0.272000  0.994124772442
0.274000  0.994124613566
0.276000  0.994124507412
0.278000  0.994124437071
0.280000  0.994124390846
0.282000  0.994124360720
0.284000  0.994124341248
0.286000  0.994124328765
0.288000  0.994124320829
0.290000  0.994124315824
0.292000  0.994124312695
0.294000  0.994124310753
0.296000  0.994124309559
0.298000  0.994124308830
0.300000  0.994124308389
0.302000  0.994124308124
0.304000  0.994124307966
0.306000  0.994124307873
0.308000  0.994124307819
0.310000  0.994124307787
0.312000  0.994124307768
0.314000  0.994124307758
0.316000  0.994124307752
0.318000  0.994124307749
0.320000  0.994124307747
0.322000  0.994124307746
0.324000  0.994124307745
0.326000  0.994124307745
0.328000  0.994124307745
0.330000  0.994124307745
0.332000  0.994124307745
0.334000  0.994124307745
0.336000  0.994124307745
0.338000  0.994124307745
0.340000  0.994124307745
0.342000  0.994124307745
0.344000  0.994124307745
0.346000  0.994124307745
0.348000  0.994124307745
0.350000  0.994124307745
0.352000  0.994124307745
0.354000  0.994124307745
0.356000  0.994124307745
0.358000  0.994124307745
0.360000  0.994124307745
0.362000  0.994124307745
0.364000  0.994124307745
0.366000  0.994124307745
0.368000  0.994124307745
0.370000  0.994124307745
0.372000  0.994124307745
0.374000  0.994124307745
0.376000  0.994124307745
0.378000  0.994124307745
0.380000  0.994124307745
0.382000  0.994124307745
0.384000  0.994124307745
0.386000  0.994124307745
0.388000  0.994124307745
0.390000  0.994124307745
0.392000  0.994124307745
0.394000  0.994124307745
0.396000  0.994124307745
0.398000  0.994124307745
0.400000  0.994124307745
0.402000  0.994124307745
0.404000  0.994124307745
0.406000  0.994124307745
0.408000  0.994124307745
0.410000  0.994124307745
0.412000  0.994124307745
0.414000  0.994124307745
0.416000  0.994124307745
0.418000  0.994124307745
0.420000  0.994124307745
0.422000  0.994124307745
0.424000  0.994124307745
0.426000  0.994124307745
0.428000  0.994124307745
0.430000  0.994124307745
0.432000  0.994124307745
0.434000  0.994124307745
0.436000  0.994124307745
0.438000  0.994124307745
0.440000  0.994124307745
0.442000  0.994124307745
0.444000  0.994124307745
0.446000  0.994124307745
0.448000  0.994124307745
0.450000  0.994124307745
0.452000  0.994124307745
0.454000  0.994124307745
0.456000  0.994124307745
0.458000  0.994124307745
0.460000  0.994124307745
0.462000  0.994124307745
0.464000  0.994124307745
0.466000  0.994124307745
0.468000  0.994124307745
0.470000  0.994124307745
0.472000  0.994124307745
0.474000  0.994124307745
0.476000  0.994124307745
0.478000  0.994124307745
0.480000  0.994124307745
0.482000  0.994124307745
0.484000  0.994124307745
0.486000  0.994124307745
0.488000  0.994124307745
0.490000  0.994124307745
0.492000  0.994124307745
0.494000  0.994124307745
0.496000  0.994124307745
0.498000  0.994124307745
0.500000  0.994124307745
0.502000  0.994124307745
0.504000  0.994124307745
0.506000  0.994124307745
0.508000  0.994124307745
0.510000  0.994124307745
0.512000  0.994124307745
0.514000  0.994124307745
0.516000  0.994124307745
0.518000  0.994124307745
0.520000  0.994124307745
0.522000  0.994124307745
0.524000  0.994124307745
0.526000  0.994124307745
0.528000  0.994124307745
0.530000  0.994124307745
0.532000  0.994124307745
0.534000  0.994124307745
0.536000  0.994124307745
0.538000  0.994124307745
0.540000  0.994124307745
0.542000  0.994124307745
0.544000  0.994124307745
0.546000  0.994124307745
0.548000  0.994124307745
0.550000  0.994124307745
0.552000  0.994124307745
0.554000  0.994124307745
0.556000  0.994124307745
0.558000  0.994124307745
0.560000  0.994124307745
0.562000  0.994124307745
0.564000  0.994124307745
0.566000  0.994124307745
0.568000  0.994124307745
0.570000  0.994124307745
0.572000  0.994124307745
0.574000  0.994124307745
0.576000  0.994124307745
0.578000  0.994124307745
0.580000  0.994124307745
0.582000  0.994124307745
0.584000  0.994124307745
0.586000  0.994124307745
0.588000  0.994124307745
0.590000  0.994124307745
0.592000  0.994124307745
0.594000  0.994124307745
0.596000  0.994124307745
0.598000  0.994124307745
0.600000  0.994124307745
0.602000  0.994124307745
0.604000  0.994124307745
0.606000  0.994124307745
0.608000  0.994124307745
0.610000  0.994124307745
0.612000  0.994124307745
0.614000  0.994124307745
0.616000  0.994124307745
0.618000  0.994124307745
0.620000  0.994124307745
0.622000  0.994124307745
0.624000  0.994124307745
0.626000  0.994124307745
0.628000  0.994124307745
0.630000  0.994124307745
0.632000  0.994124307745
0.634000  0.994124307745
0.636000  0.994124307745
0.638000  0.994124307745
0.640000  0.994124307745
0.642000  0.994124307745
0.644000  0.994124307745
0.646000  0.994124307745
0.648000  0.994124307745
0.650000  0.994124307745
0.652000  0.994124307745
0.654000  0.994124307745
0.656000  0.994124307745
0.658000  0.994124307745
0.660000  0.994124307745
0.662000  0.994124307745
0.664000  0.994124307745
0.666000  0.994124307745
0.668000  0.994124307745
0.670000  0.994124307745
0.672000  0.994124307745
0.674000  0.994124307745
0.676000  0.994124307745
0.678000  0.994124307745
0.680000  0.994124307745
0.682000  0.994124307745
0.684000  0.994124307745
0.686000  0.994124307745
0.688000  0.994124307745
0.690000  0.994124307745
0.692000  0.994124307745
0.694000  0.994124307745
0.696000  0.994124307745
0.698000  0.994124307745
0.700000  0.994124307745
0.702000  0.994124307745
0.704000  0.994124307745
0.706000  0.994124307745
0.708000  0.994124307745
0.710000  0.994124307745
0.712000  0.994124307745
0.714000  0.994124307745
0.716000  0.994124307745
0.718000  0.994124307745
0.720000  0.994124307745
0.722000  0.994124307745
0.724000  0.994124307745
0.726000  0.994124307745
0.728000  0.994124307745
0.730000  0.994124307745
0.732000  0.994124307745
0.734000  0.994124307745
0.736000  0.994124307745
0.738000  0.994124307745
0.740000  0.994124307745
0.742000  0.994124307745
0.744000  0.994124307745
0.746000  0.994124307745
0.748000  0.994124307745
0.750000  0.994124307745
0.752000  0.994124307745
0.754000  0.994124307745
0.756000  0.994124307745
0.758000  0.994124307745
0.760000  0.994124307745
0.762000  0.994124307745
0.764000  0.994124307745
0.766000  0.994124307745
0.768000  0.994124307745
0.770000  0.994124307745
0.772000  0.994124307745
0.774000  0.994124307745
0.776000  0.994124307745
0.778000  0.994124307745
0.780000  0.994124307745
0.782000  0.994124307745
0.784000  0.994124307745
0.786000  0.994124307745
0.788000  0.994124307745
0.790000  0.994124307745
0.792000  0.994124307745
0.794000  0.994124307745
0.796000  0.994124307745
0.798000  0.994124307745
0.800000  0.994124307745
0.802000  0.994124307745
0.804000  0.994124307745
0.806000  0.994124307745
0.808000  0.994124307745
0.810000  0.994124307745
0.812000  0.994124307745
0.814000  0.994124307745
0.816000  0.994124307745
0.818000  0.994124307745
0.820000  0.994124307745
0.822000  0.994124307745
0.824000  0.994124307745
0.826000  0.994124307745
0.828000  0.994124307745
0.830000  0.994124307745
0.832000  0.994124307745
0.834000  0.994124307745
0.836000  0.994124307745
0.838000  0.994124307745
0.840000  0.994124307745
0.842000  0.994124307745
0.844000  0.994124307745
0.846000  0.994124307745
0.848000  0.994124307745
0.850000  0.994124307745
0.852000  0.994124307745
0.854000  0.994124307745
0.856000  0.994124307745
0.858000  0.994124307745
0.860000  0.994124307745
0.862000  0.994124307745
0.864000  0.994124307745
0.866000  0.994124307745
0.868000  0.994124307745
0.870000  0.994124307745
0.872000  0.994124307745
0.874000  0.994124307745
0.876000  0.994124307745
0.878000  0.994124307745
0.880000  0.994124307746
0.882000  0.994124307746
0.884000  0.994124307748
0.886000  0.994124307751
0.888000  0.994124307756
0.890000  0.994124307765
0.892000  0.994124307780
0.894000  0.994124307806
0.896000  0.994124307851
0.898000  0.994124307928
0.900000  0.994124308056
0.902000  0.994124308271
0.904000  0.994124308626
0.906000  0.994124309210
0.908000  0.994124310162
0.910000  0.994124311700
0.912000  0.994124314167
0.914000  0.994124318090
0.916000  0.994124324278
0.918000  0.994124333958
0.920000  0.994124348977
0.922000  0.994124372088
0.924000  0.994124407359
0.926000  0.994124460744
0.928000  0.994124540881
0.930000  0.994124660182
0.932000  0.994124836322
0.934000  0.994125094237
0.936000  0.994125468777
0.938000  0.994126008195
0.940000  0.994126778675
0.942000  0.994127870146
0.944000  0.994129403640
0.946000  0.994131540518
0.948000  0.994134493856
0.950000  0.994138542347
0.952000  0.994144047025
0.954000  0.994151471105
0.956000  0.994161403204
0.958000  0.994174584083
0.960000  0.994191936969
0.962000  0.994214601369
0.964000  0.994243970093
0.966000  0.994281729021
0.968000  0.994329898885
0.970000  0.994390878160
0.972000  0.994467485843
0.974000  0.994563002755
0.976000  0.994681209767
0.978000  0.994826421250
0.980000  0.995003511979
0.982000  0.995217935759
0.984000  0.995475734159
0.986000  0.995783533976
0.988000  0.996148532386
0.990000  0.996578469151
0.992000  0.997081585726
0.994000  0.997666571375
0.996000  0.998342489907
0.998000  0.999118525441
1.000000  0.999999927698
