0.000000  1.003473675912
0.001000  1.003473589259
0.002000  1.003473520269
0.003000  1.003473463095
0.004000  1.003473416522
0.005000  1.003473379268
0.006000  1.003473350049
0.007000  1.003473327626
0.008000  1.003473310845
0.009000  1.003473298655
0.010000  1.003473290127
0.011000  1.003473284453
0.012000  1.003473280951
0.013000  1.003473279055
0.014000  1.003473278305
0.015000  1.003473278337
0.016000  1.003473278872
0.017000  1.003473279698
0.018000  1.003473280663
0.019000  1.003473281660
0.020000  1.003473282620
0.021000  1.003473283500
0.022000  1.003473284279
0.023000  1.003473284948
0.024000  1.003473285510
0.025000  1.003473285971
0.026000  1.003473286343
0.027000  1.003473286639
0.028000  1.003473286869
0.029000  1.003473287047
0.030000  1.003473287182
0.031000  1.003473287283
0.032000  1.003473287358
0.033000  1.003473287413
0.034000  1.003473287453
0.035000  1.003473287482
0.036000  1.003473287502
0.037000  1.003473287516
0.038000  1.003473287526
0.039000  1.003473287532
0.040000  1.003473287537
0.041000  1.003473287540
0.042000  1.003473287542
0.043000  1.003473287543
0.044000  1.003473287544
0.045000  1.003473287545
0.046000  1.003473287545
0.047000  1.003473287545
0.048000  1.003473287546
0.049000  1.003473287546
0.050000  1.003473287546
0.051000  1.003473287546
0.052000  1.003473287546
0.053000  1.003473287546
0.054000  1.003473287546
0.055000  1.003473287546
0.056000  1.003473287546
0.057000  1.003473287546
0.058000  1.003473287546
0.059000  1.003473287546
0.060000  1.003473287546
0.061000  1.003473287546
0.062000  1.003473287546
0.063000  1.003473287546
0.064000  1.003473287546
0.065000  1.003473287546
0.066000  1.003473287546
0.067000  1.003473287546
0.068000  1.003473287546
0.069000  1.003473287546
0.070000  1.003473287546
0.071000  1.003473287546
0.072000  1.003473287546
0.073000  1.003473287546
0.074000  1.003473287546
0.075000  1.003473287546
0.076000  1.003473287546
0.077000  1.003473287546
0.078000  1.003473287546
0.079000  1.003473287546
0.080000  1.003473287546
0.081000  1.003473287546
0.082000  1.003473287546
0.083000  1.003473287546
0.084000  1.003473287546
0.085000  1.003473287546
0.086000  1.003473287546
0.087000  1.003473287546
0.088000  1.003473287546
0.089000  1.003473287546
0.090000  1.003473287546
0.091000  1.003473287546
0.092000  1.003473287546
0.093000  1.003473287546
0.094000  1.003473287546
0.095000  1.003473287546
0.096000  1.003473287546
0.097000  1.003473287546
0.098000  1.003473287546
0.099000  1.003473287546
0.100000  1.003473287546
0.101000  1.003473287546
0.102000  1.003473287546
0.103000  1.003473287546
0.104000  1.003473287546
0.105000  1.003473287546
0.106000  1.003473287546
0.107000  1.003473287546
0.108000  1.003473287546
0.109000  1.003473287546
0.110000  1.003473287546
0.111000  1.003473287546
0.112000  1.003473287546
0.113000  1.003473287546
0.114000  1.003473287546
0.115000  1.003473287546
0.116000  1.003473287546
0.117000  1.003473287546
0.118000  1.003473287546
0.119000  1.003473287546
0.120000  1.003473287546
0.121000  1.003473287546
0.122000  1.003473287546
0.123000  1.003473287546
0.124000  1.003473287546
0.125000  1.003473287546
0.126000  1.003473287546
0.127000  1.003473287546
0.128000  1.003473287546
0.129000  1.003473287546
0.130000  1.003473287546
0.131000  1.003473287546
0.132000  1.003473287546
0.133000  1.003473287546
0.134000  1.003473287546
0.135000  1.003473287546
0.136000  1.003473287546
0.137000  1.003473287546
0.138000  1.003473287546
0.139000  1.003473287546
0.140000  1.003473287545
0.141000  1.003473287545
0.142000  1.003473287545
0.143000  1.003473287544
0.144000  1.003473287542
0.145000  1.003473287539
0.146000  1.003473287534
0.147000  1.003473287525
0.148000  1.003473287510
0.149000  1.003473287485
0.150000  1.003473287442
0.151000  1.003473287369
0.152000  1.003473287249
0.153000  1.003473287051
0.154000  1.003473286727
0.155000  1.003473286202
0.156000  1.003473285358
0.157000  1.003473284010
0.158000  1.003473281878
0.159000  1.003473278530
0.160000  1.003473273319
0.161000  1.003473265274
0.162000  1.003473252954
0.163000  1.003473234243
0.164000  1.003473206060
0.165000  1.003473163962
0.166000  1.003473101593
0.167000  1.003473009956
0.168000  1.003472876426
0.169000  1.003472683455
0.170000  1.003472406876
0.171000  1.003472013727
0.172000  1.003471459469
0.173000  1.003470684486
0.174000  1.003469609744
0.175000  1.003468131461
0.176000  1.003466114659
0.177000  1.003463385469
0.178000  1.003459722079
0.179000  1.003454844241
0.180000  1.003448401295
0.181000  1.003439958732
0.182000  1.003428983366
0.183000  1.003414827302
0.184000  1.003396710923
0.185000  1.003373705281
0.186000  1.003344714315
0.187000  1.003308457459
0.188000  1.003263453253
0.189000  1.003208004632
0.190000  1.003140186635
0.191000  1.003057837217
0.192000  1.002958551869
0.193000  1.002839682615
0.194000  1.002698341888
0.195000  1.002531411574
0.196000  1.002335557358
0.197000  1.002107248292
0.198000  1.001842781243
0.199000  1.001538309721
0.200000  1.001189876321
0.201000  1.000793447904
0.202000  1.000444933353
0.203000  1.000140340190
0.204000  0.999875739657
0.205000  0.999647304280
0.206000  0.999451342392
0.207000  0.999284328796
0.208000  0.999142930807
0.209000  0.999024029130
0.210000  0.998924733273
0.211000  0.998842391422
0.212000  0.998774594916
0.213000  0.998719177683
0.214000  0.998674211126
0.215000  0.998637995093
0.216000  0.998609045640
0.217000  0.998586080321
0.218000  0.998568001747
0.219000  0.998553880119
0.220000  0.998542935369
0.221000  0.998534519449
0.222000  0.998528099259
0.223000  0.998523240525
0.224000  0.998519592922
0.225000  0.998516876587
0.226000  0.998514870108
0.227000  0.998513400007
0.228000  0.998512331669
0.229000  0.998511561638
0.230000  0.998511011165
0.231000  0.998510620877
0.232000  0.998510346436
0.233000  0.998510155044
0.234000  0.998510022671
0.235000  0.998509931871
0.236000  0.998509870102
0.237000  0.998509828429
0.238000  0.998509800546
0.239000  0.998509782043
0.240000  0.998509769866
0.241000  0.998509761918
0.242000  0.998509756773
0.243000  0.998509753470
0.244000  0.998509751367
0.245000  0.998509750039
0.246000  0.998509749207
0.247000  0.998509748690
0.248000  0.998509748371
0.249000  0.998509748177
0.250000  0.998509748059
0.251000  0.998509747988
0.252000  0.998509747945
0.253000  0.998509747920
0.254000  0.998509747905
0.255000  0.998509747897
0.256000  0.998509747892
0.257000  0.998509747889
0.258000  0.998509747887
0.259000  0.998509747886
0.260000  0.998509747886
0.261000  0.998509747886
0.262000  0.998509747886
0.263000  0.998509747885
0.264000  0.998509747885
0.265000  0.998509747885
0.266000  0.998509747885
0.267000  0.998509747885
0.268000  0.998509747885
0.269000  0.998509747885
0.270000  0.998509747885
0.271000  0.998509747885
0.272000  0.998509747885
0.273000  0.998509747885
0.274000  0.998509747885
0.275000  0.998509747885
0.276000  0.998509747885
0.277000  0.998509747885
0.278000  0.998509747885
0.279000  0.998509747885
0.280000  0.998509747885
0.281000  0.998509747885
0.282000  0.998509747885
0.283000  0.998509747885
0.284000  0.998509747885
0.285000  0.998509747885
0.286000  0.998509747885
0.287000  0.998509747885
0.288000  0.998509747885
0.289000  0.998509747885
0.290000  0.998509747885
0.291000  0.998509747885
0.292000  0.998509747885
0.293000  0.998509747885
0.294000  0.998509747885
0.295000  0.998509747885
0.296000  0.998509747885
0.297000  0.998509747885
0.298000  0.998509747885
0.299000  0.998509747885
0.300000  0.998509747885
0.301000  0.998509747885
0.302000  0.998509747885
0.303000  0.998509747885
0.304000  0.998509747885
0.305000  0.998509747885
0.306000  0.998509747885
0.307000  0.998509747885
0.308000  0.998509747885
0.309000  0.998509747885
0.310000  0.998509747885
0.311000  0.998509747885
0.312000  0.998509747885
0.313000  0.998509747885
0.314000  0.998509747885
0.315000  0.998509747885
0.316000  0.998509747885
0.317000  0.998509747885
0.318000  0.998509747885
0.319000  0.998509747885
0.320000  0.998509747885
0.321000  0.998509747885
0.322000  0.998509747885
0.323000  0.998509747885
0.324000  0.998509747885
0.325000  0.998509747885
0.326000  0.998509747885
0.327000  0.998509747885
0.328000  0.998509747885
0.329000  0.998509747885
0.330000  0.998509747885
0.331000  0.998509747885
0.332000  0.998509747885
0.333000  0.998509747885
0.334000  0.998509747885
0.335000  0.998509747885
0.336000  0.998509747885
0.337000  0.998509747885
0.338000  0.998509747885
0.339000  0.998509747885
0.340000  0.998509747885
0.341000  0.998509747885
0.342000  0.998509747885
0.343000  0.998509747885
0.344000  0.998509747885
0.345000  0.998509747885
0.346000  0.998509747885
0.347000  0.998509747885
0.348000  0.998509747885
0.349000  0.998509747885
0.350000  0.998509747885
0.351000  0.998509747885
0.352000  0.998509747885
0.353000  0.998509747885
0.354000  0.998509747885
0.355000  0.998509747885
0.356000  0.998509747885
0.357000  0.998509747885
0.358000  0.998509747885
0.359000  0.998509747885
0.360000  0.998509747885
0.361000  0.998509747885
0.362000  0.998509747885
0.363000  0.998509747885
0.364000  0.998509747885
0.365000  0.998509747885
0.366000  0.998509747885
0.367000  0.998509747885
0.368000  0.998509747885
0.369000  0.998509747885
0.370000  0.998509747885
0.371000  0.998509747885
0.372000  0.998509747885
0.373000  0.998509747885
0.374000  0.998509747885
0.375000  0.998509747885
0.376000  0.998509747885
0.377000  0.998509747885
0.378000  0.998509747885
0.379000  0.998509747885
0.380000  0.998509747885
0.381000  0.998509747885
0.382000  0.998509747885
0.383000  0.998509747885
0.384000  0.998509747885
0.385000  0.998509747885
0.386000  0.998509747885
0.387000  0.998509747885
0.388000  0.998509747885
0.389000  0.998509747885
0.390000  0.998509747885
0.391000  0.998509747885
0.392000  0.998509747885
0.393000  0.998509747885
0.394000  0.998509747885
0.395000  0.998509747885
0.396000  0.998509747885
0.397000  0.998509747885
0.398000  0.998509747885
0.399000  0.998509747885
0.400000  0.998509747885
0.401000  0.998509747885
0.402000  0.998509747885
0.403000  0.998509747885
0.404000  0.998509747885
0.405000  0.998509747885
0.406000  0.998509747885
0.407000  0.998509747885
0.408000  0.998509747885
0.409000  0.998509747885
0.410000  0.998509747885
0.411000  0.998509747885
0.412000  0.998509747885
0.413000  0.998509747885
0.414000  0.998509747885
0.415000  0.998509747885
0.416000  0.998509747885
0.417000  0.998509747885
0.418000  0.998509747885
0.419000  0.998509747885
0.420000  0.998509747885
0.421000  0.998509747885
0.422000  0.998509747885
0.423000  0.998509747885
0.424000  0.998509747885
0.425000  0.998509747885
0.426000  0.998509747885
0.427000  0.998509747885
0.428000  0.998509747885
0.429000  0.998509747885
0.430000  0.998509747885
0.431000  0.998509747885
0.432000  0.998509747885
0.433000  0.998509747885
0.434000  0.998509747885
0.435000  0.998509747885
0.436000  0.998509747885
0.437000  0.998509747885
0.438000  0.998509747885
0.439000  0.998509747885
0.440000  0.998509747885
0.441000  0.998509747885
0.442000  0.998509747885
0.443000  0.998509747885
0.444000  0.998509747885
0.445000  0.998509747885
0.446000  0.998509747885
0.447000  0.998509747885
0.448000  0.998509747885
0.449000  0.998509747885
0.450000  0.998509747885
0.451000  0.998509747885
0.452000  0.998509747885
0.453000  0.998509747885
0.454000  0.998509747885
0.455000  0.998509747885
0.456000  0.998509747885
0.457000  0.998509747885
0.458000  0.998509747885
0.459000  0.998509747885
0.460000  0.998509747885
0.461000  0.998509747885
0.462000  0.998509747885
0.463000  0.998509747885
0.464000  0.998509747885
0.465000  0.998509747885
0.466000  0.998509747885
0.467000  0.998509747885
0.468000  0.998509747885
0.469000  0.998509747885
0.470000  0.998509747885
0.471000  0.998509747885
0.472000  0.998509747885
0.473000  0.998509747885
0.474000  0.998509747885
0.475000  0.998509747885
0.476000  0.998509747885
0.477000  0.998509747885
0.478000  0.998509747885
0.479000  0.998509747885
0.480000  0.998509747885
0.481000  0.998509747885
0.482000  0.998509747885
0.483000  0.998509747885
0.484000  0.998509747885
0.485000  0.998509747885
0.486000  0.998509747885
0.487000  0.998509747885
0.488000  0.998509747885
0.489000  0.998509747885
0.490000  0.998509747885
0.491000  0.998509747885
0.492000  0.998509747885
0.493000  0.998509747885
0.494000  0.998509747885
0.495000  0.998509747885
0.496000  0.998509747885
0.497000  0.998509747885
0.498000  0.998509747885
0.499000  0.998509747885
0.500000  0.998509747885
0.501000  0.998509747885
0.502000  0.998509747885
0.503000  0.998509747885
0.504000  0.998509747885
0.505000  0.998509747885
0.506000  0.998509747885
0.507000  0.998509747885
0.508000  0.998509747885
0.509000  0.998509747885
0.510000  0.998509747885
0.511000  0.998509747885
0.512000  0.998509747885
0.513000  0.998509747885
0.514000  0.998509747885
0.515000  0.998509747885
0.516000  0.998509747885
0.517000  0.998509747885
0.518000  0.998509747885
0.519000  0.998509747885
0.520000  0.998509747885
0.521000  0.998509747885
0.522000  0.998509747885
0.523000  0.998509747885
0.524000  0.998509747885
0.525000  0.998509747885
0.526000  0.998509747885
0.527000  0.998509747885
0.528000  0.998509747885
0.529000  0.998509747885
0.530000  0.998509747885
0.531000  0.998509747885
0.532000  0.998509747885
0.533000  0.998509747885
0.534000  0.998509747885
0.535000  0.998509747885
0.536000  0.998509747885
0.537000  0.998509747885
0.538000  0.998509747885
0.539000  0.998509747885
0.540000  0.998509747885
0.541000  0.998509747885
0.542000  0.998509747885
0.543000  0.998509747885
0.544000  0.998509747885
0.545000  0.998509747885
0.546000  0.998509747885
0.547000  0.998509747885
0.548000  0.998509747885
0.549000  0.998509747885
0.550000  0.998509747885
0.551000  0.998509747885
0.552000  0.998509747885
0.553000  0.998509747885
0.554000  0.998509747885
0.555000  0.998509747885
0.556000  0.998509747885
0.557000  0.998509747885
0.558000  0.998509747885
0.559000  0.998509747885
0.560000  0.998509747885
0.561000  0.998509747885
0.562000  0.998509747885
0.563000  0.998509747885
0.564000  0.998509747885
0.565000  0.998509747885
0.566000  0.998509747885
0.567000  0.998509747885
0.568000  0.998509747885
0.569000  0.998509747885
0.570000  0.998509747885
0.571000  0.998509747885
0.572000  0.998509747885
0.573000  0.998509747885
0.574000  0.998509747885
0.575000  0.998509747885
0.576000  0.998509747885
0.577000  0.998509747885
0.578000  0.998509747885
0.579000  0.998509747885
0.580000  0.998509747885
0.581000  0.998509747885
0.582000  0.998509747885
0.583000  0.998509747885
0.584000  0.998509747885
0.585000  0.998509747885
0.586000  0.998509747885
0.587000  0.998509747885
0.588000  0.998509747885
0.589000  0.998509747885
0.590000  0.998509747885
0.591000  0.998509747885
0.592000  0.998509747885
0.593000  0.998509747885
0.594000  0.998509747885
0.595000  0.998509747885
0.596000  0.998509747885
0.597000  0.998509747885
0.598000  0.998509747885
0.599000  0.998509747885
0.600000  0.998509747885
0.601000  0.998509747885
0.602000  0.998509747885
0.603000  0.998509747885
0.604000  0.998509747885
0.605000  0.998509747885
0.606000  0.998509747885
0.607000  0.998509747885
0.608000  0.998509747885
0.609000  0.998509747885
0.610000  0.998509747885
0.611000  0.998509747885
0.612000  0.998509747885
0.613000  0.998509747885
0.614000  0.998509747885
0.615000  0.998509747885
0.616000  0.998509747885
0.617000  0.998509747885
0.618000  0.998509747885
0.619000  0.998509747885
0.620000  0.998509747885
0.621000  0.998509747885
0.622000  0.998509747885
0.623000  0.998509747885
0.624000  0.998509747885
0.625000  0.998509747885
0.626000  0.998509747885
0.627000  0.998509747885
0.628000  0.998509747885
0.629000  0.998509747885
0.630000  0.998509747885
0.631000  0.998509747885
0.632000  0.998509747885
0.633000  0.998509747885
0.634000  0.998509747885
0.635000  0.998509747885
0.636000  0.998509747885
0.637000  0.998509747885
0.638000  0.998509747885
0.639000  0.998509747885
0.640000  0.998509747885
0.641000  0.998509747885
0.642000  0.998509747885
0.643000  0.998509747885
0.644000  0.998509747885
0.645000  0.998509747885
0.646000  0.998509747885
0.647000  0.998509747885
0.648000  0.998509747885
0.649000  0.998509747885
0.650000  0.998509747885
0.651000  0.998509747885
0.652000  0.998509747885
0.653000  0.998509747885
0.654000  0.998509747885
0.655000  0.998509747885
0.656000  0.998509747885
0.657000  0.998509747885
0.658000  0.998509747885
0.659000  0.998509747885
0.660000  0.998509747885
0.661000  0.998509747885
0.662000  0.998509747885
0.663000  0.998509747885
0.664000  0.998509747885
0.665000  0.998509747885
0.666000  0.998509747885
0.667000  0.998509747885
0.668000  0.998509747885
0.669000  0.998509747885
0.670000  0.998509747885
0.671000  0.998509747885
0.672000  0.998509747885
0.673000  0.998509747885
0.674000  0.998509747885
0.675000  0.998509747885
0.676000  0.998509747885
0.677000  0.998509747885
0.678000  0.998509747885
0.679000  0.998509747885
0.680000  0.998509747885
0.681000  0.998509747885
0.682000  0.998509747885
0.683000  0.998509747885
0.684000  0.998509747885
0.685000  0.998509747885
0.686000  0.998509747885
0.687000  0.998509747885
0.688000  0.998509747885
0.689000  0.998509747885
0.690000  0.998509747885
0.691000  0.998509747885
0.692000  0.998509747885
0.693000  0.998509747885
0.694000  0.998509747885
0.695000  0.998509747885
0.696000  0.998509747885
0.697000  0.998509747885
0.698000  0.998509747885
0.699000  0.998509747885
0.700000  0.998509747885
0.701000  0.998509747885
0.702000  0.998509747885
0.703000  0.998509747885
0.704000  0.998509747885
0.705000  0.998509747885
0.706000  0.998509747885
0.707000  0.998509747885
0.708000  0.998509747885
0.709000  0.998509747885
0.710000  0.998509747885
0.711000  0.998509747885
0.712000  0.998509747885
0.713000  0.998509747885
0.714000  0.998509747885
0.715000  0.998509747885
0.716000  0.998509747885
0.717000  0.998509747885
0.718000  0.998509747885
0.719000  0.998509747885
0.720000  0.998509747885
0.721000  0.998509747885
0.722000  0.998509747885
0.723000  0.998509747885
0.724000  0.998509747885
0.725000  0.998509747885
0.726000  0.998509747885
0.727000  0.998509747885
0.728000  0.998509747885
0.729000  0.998509747885
0.730000  0.998509747885
0.731000  0.998509747885
0.732000  0.998509747885
0.733000  0.998509747885
0.734000  0.998509747885
0.735000  0.998509747885
0.736000  0.998509747885
0.737000  0.998509747885
0.738000  0.998509747885
0.739000  0.998509747885
0.740000  0.998509747885
0.741000  0.998509747885
0.742000  0.998509747885
0.743000  0.998509747885
0.744000  0.998509747885
0.745000  0.998509747885
0.746000  0.998509747885
0.747000  0.998509747885
0.748000  0.998509747885
0.749000  0.998509747885
0.750000  0.998509747885
0.751000  0.998509747885
0.752000  0.998509747885
0.753000  0.998509747885
0.754000  0.998509747885
0.755000  0.998509747885
0.756000  0.998509747885
0.757000  0.998509747885
0.758000  0.998509747885
0.759000  0.998509747885
0.760000  0.998509747885
0.761000  0.998509747885
0.762000  0.998509747885
0.763000  0.998509747885
0.764000  0.998509747885
0.765000  0.998509747885
0.766000  0.998509747885
0.767000  0.998509747885
0.768000  0.998509747885
0.769000  0.998509747885
0.770000  0.998509747885
0.771000  0.998509747885
0.772000  0.998509747885
0.773000  0.998509747885
0.774000  0.998509747885
0.775000  0.998509747885
0.776000  0.998509747885
0.777000  0.998509747885
0.778000  0.998509747885
0.779000  0.998509747885
0.780000  0.998509747885
0.781000  0.998509747885
0.782000  0.998509747885
0.783000  0.998509747885
0.784000  0.998509747885
0.785000  0.998509747885
0.786000  0.998509747885
0.787000  0.998509747885
0.788000  0.998509747885
0.789000  0.998509747885
0.790000  0.998509747885
0.791000  0.998509747885
0.792000  0.998509747885
0.793000  0.998509747885
0.794000  0.998509747885
0.795000  0.998509747885
0.796000  0.998509747885
0.797000  0.998509747885
0.798000  0.998509747885
0.799000  0.998509747885
0.800000  0.998509747885
0.801000  0.998509747885
0.802000  0.998509747885
0.803000  0.998509747885
0.804000  0.998509747885
0.805000  0.998509747885
0.806000  0.998509747885
0.807000  0.998509747885
0.808000  0.998509747885
0.809000  0.998509747885
0.810000  0.998509747885
0.811000  0.998509747885
0.812000  0.998509747885
0.813000  0.998509747885
0.814000  0.998509747885
0.815000  0.998509747885
0.816000  0.998509747885
0.817000  0.998509747885
0.818000  0.998509747885
0.819000  0.998509747885
0.820000  0.998509747885
0.821000  0.998509747885
0.822000  0.998509747885
0.823000  0.998509747885
0.824000  0.998509747885
0.825000  0.998509747885
0.826000  0.998509747885
0.827000  0.998509747885
0.828000  0.998509747885
0.829000  0.998509747885
0.830000  0.998509747885
0.831000  0.998509747885
0.832000  0.998509747885
0.833000  0.998509747885
0.834000  0.998509747885
0.835000  0.998509747885
0.836000  0.998509747885
0.837000  0.998509747885
0.838000  0.998509747885
0.839000  0.998509747885
0.840000  0.998509747885
0.841000  0.998509747885
0.842000  0.998509747885
0.843000  0.998509747885
0.844000  0.998509747885
0.845000  0.998509747885
0.846000  0.998509747885
0.847000  0.998509747885
0.848000  0.998509747885
0.849000  0.998509747885
0.850000  0.998509747885
0.851000  0.998509747885
0.852000  0.998509747885
0.853000  0.998509747885
0.854000  0.998509747885
0.855000  0.998509747885
0.856000  0.998509747885
0.857000  0.998509747885
0.858000  0.998509747885
0.859000  0.998509747885
0.860000  0.998509747885
0.861000  0.998509747885
0.862000  0.998509747885
0.863000  0.998509747885
0.864000  0.998509747885
0.865000  0.998509747885
0.866000  0.998509747885
0.867000  0.998509747885
0.868000  0.998509747885
0.869000  0.998509747885
0.870000  0.998509747885
0.871000  0.998509747885
0.872000  0.998509747885
0.873000  0.998509747885
0.874000  0.998509747885
0.875000  0.998509747885
0.876000  0.998509747885
0.877000  0.998509747885
0.878000  0.998509747885
0.879000  0.998509747885
0.880000  0.998509747885
0.881000  0.998509747885
0.882000  0.998509747885
0.883000  0.998509747885
0.884000  0.998509747885
0.885000  0.998509747885
0.886000  0.998509747885
0.887000  0.998509747885
0.888000  0.998509747885
0.889000  0.998509747885
0.890000  0.998509747885
0.891000  0.998509747885
0.892000  0.998509747885
0.893000  0.998509747885
0.894000  0.998509747885
0.895000  0.998509747885
0.896000  0.998509747885
0.897000  0.998509747885
0.898000  0.998509747885
0.899000  0.998509747885
0.900000  0.998509747885
0.901000  0.998509747885
0.902000  0.998509747885
0.903000  0.998509747885
0.904000  0.998509747885
0.905000  0.998509747885
0.906000  0.998509747885
0.907000  0.998509747885
0.908000  0.998509747885
0.909000  0.998509747885
0.910000  0.998509747885
0.911000  0.998509747885
0.912000  0.998509747885
0.913000  0.998509747885
0.914000  0.998509747885
0.915000  0.998509747885
0.916000  0.998509747885
0.917000  0.998509747885
0.918000  0.998509747885
0.919000  0.998509747885
0.920000  0.998509747885
0.921000  0.998509747885
0.922000  0.998509747885
0.923000  0.998509747885
0.924000  0.998509747885
0.925000  0.998509747885
0.926000  0.998509747885
0.927000  0.998509747885
0.928000  0.998509747885
0.929000  0.998509747885
0.930000  0.998509747885
0.931000  0.998509747885
0.932000  0.998509747885
0.933000  0.998509747885
0.934000  0.998509747885
0.935000  0.998509747885
0.936000  0.998509747885
0.937000  0.998509747885
0.938000  0.998509747885
0.939000  0.998509747886
0.940000  0.998509747886
0.941000  0.998509747886
0.942000  0.998509747886
0.943000  0.998509747887
0.944000  0.998509747889
0.945000  0.998509747891
0.946000  0.998509747895
0.947000  0.998509747903
0.948000  0.998509747915
0.949000  0.998509747936
0.950000  0.998509747972
0.951000  0.998509748031
0.952000  0.998509748129
0.953000  0.998509748290
0.954000  0.998509748551
0.955000  0.998509748972
0.956000  0.998509749645
0.957000  0.998509750713
0.958000  0.998509752394
0.959000  0.998509755016
0.960000  0.998509759075
0.961000  0.998509765305
0.962000  0.998509774792
0.963000  0.998509789117
0.964000  0.998509810572
0.965000  0.998509842442
0.966000  0.998509889394
0.967000  0.998509957996
0.968000  0.998510057408
0.969000  0.998510200289
0.970000  0.998510403960
0.971000  0.998510691911
0.972000  0.998511095689
0.973000  0.998511657270
0.974000  0.998512431971
0.975000  0.998513492003
0.976000  0.998514930733
0.977000  0.998516867725
0.978000  0.998519454627
0.979000  0.998522881930
0.980000  0.998527386617
0.981000  0.998533260658
0.982000  0.998540860293
0.983000  0.998550615953
0.984000  0.998563042666
0.985000  0.998578750671
0.986000  0.998598455966
0.987000  0.998622990422
0.988000  0.998653311075
0.989000  0.998690508156
0.990000  0.998735811435
0.991000  0.998790594456
0.992000  0.998856376248
0.993000  0.998934820207
0.994000  0.999027729890
0.995000  0.999137041571
0.996000  0.999264813546
0.997000  0.999413211940
0.998000  0.999584485714
0.999000  0.999780764106
1.000000  0.999999985781
