0.000000  1.209745957821
0.001000  1.209744321767
0.002000  1.209741272537
0.003000  1.209745077253
0.004000  1.209711569980
0.005000  1.209702442523
0.006000  1.209680615405
0.007000  1.209661151619
0.008000  1.209642582907
0.009000  1.209621785241
0.010000  1.209597766941
0.011000  1.209572010117
0.012000  1.209543494106
0.013000  1.209515252117
0.014000  1.209484110071
0.015000  1.209451682267
0.016000  1.209416531567
0.017000  1.209381153570
0.018000  1.209341645735
0.019000  1.209300777407
0.020000  1.209256743941
0.021000  1.209212897576
0.022000  1.209165958499
0.023000  1.209117617534
0.024000  1.209066325617
0.025000  1.209014633980
0.026000  1.208958609697
0.027000  1.208901023267
0.028000  1.208840055083
0.029000  1.208779044186
0.030000  1.208714707106
0.031000  1.208648723266
0.032000  1.208579536074
0.033000  1.208509680210
0.034000  1.208435222103
0.035000  1.208358917686
0.036000  1.208278941086
0.037000  1.208198612821
0.038000  1.208114648935
0.039000  1.208028714503
0.040000  1.207939246236
0.041000  1.207848759193
0.042000  1.207753321428
0.043000  1.207655671861
0.044000  1.207553978533
0.045000  1.207451540172
0.046000  1.207345074355
0.047000  1.207236229644
0.048000  1.207123436051
0.049000  1.207009185616
0.050000  1.206889550428
0.051000  1.206767249594
0.052000  1.206640445233
0.053000  1.206512410397
0.054000  1.206379866451
0.055000  1.206244442892
0.056000  1.206104562990
0.057000  1.205962691761
0.058000  1.205814908061
0.059000  1.205663907894
0.060000  1.205507847614
0.061000  1.205349970035
0.062000  1.205187002885
0.063000  1.205020553597
0.064000  1.204849038620
0.065000  1.204674891250
0.066000  1.204494200264
0.067000  1.204309634700
0.068000  1.204119345325
0.069000  1.203926539364
0.070000  1.203727953897
0.071000  1.203525170777
0.072000  1.203316599549
0.073000  1.203104636277
0.074000  1.202885383343
0.075000  1.202661478310
0.076000  1.202431066564
0.077000  1.202197313486
0.078000  1.201956969020
0.079000  1.201711585320
0.080000  1.201459564956
0.081000  1.201203260314
0.082000  1.200938791720
0.083000  1.200668759987
0.084000  1.200391305404
0.085000  1.200109544195
0.086000  1.199820243308
0.087000  1.199524920403
0.088000  1.199221971031
0.089000  1.198913696379
0.090000  1.198596239833
0.091000  1.198272159315
0.092000  1.197939590397
0.093000  1.197601591615
0.094000  1.197254951824
0.095000  1.196901148606
0.096000  1.196538570502
0.097000  1.196169458739
0.098000  1.195789985811
0.099000  1.195402659599
0.100000  1.195005611470
0.101000  1.194601832346
0.102000  1.194188138786
0.103000  1.193765961803
0.104000  1.193333683021
0.105000  1.192893473521
0.106000  1.192441542036
0.107000  1.191980338105
0.108000  1.191507989573
0.109000  1.191027408210
0.110000  1.190535445127
0.111000  1.190033477238
0.112000  1.189519879447
0.113000  1.188996740876
0.114000  1.188460314886
0.115000  1.187912983050
0.116000  1.187352870580
0.117000  1.186782796720
0.118000  1.186199655193
0.119000  1.185604760085
0.120000  1.184996479927
0.121000  1.184376808191
0.122000  1.183742052712
0.123000  1.183094515954
0.124000  1.182432321642
0.125000  1.181758181003
0.126000  1.181069039841
0.127000  1.180366139308
0.128000  1.179647842080
0.129000  1.178916030158
0.130000  1.178167077360
0.131000  1.177403194154
0.132000  1.176622504231
0.133000  1.175827592899
0.134000  1.175015469115
0.135000  1.174187289400
0.136000  1.173341411328
0.137000  1.172479587148
0.138000  1.171598270074
0.139000  1.170699563688
0.140000  1.169781593470
0.141000  1.168846798141
0.142000  1.167892262714
0.143000  1.166919045547
0.144000  1.165925500139
0.145000  1.164913227911
0.146000  1.163878777028
0.147000  1.162824127000
0.148000  1.161747407351
0.149000  1.160650886379
0.150000  1.159531740134
0.151000  1.158390913147
0.152000  1.157226756206
0.153000  1.156040695611
0.154000  1.154829392456
0.155000  1.153594682341
0.156000  1.152334701586
0.157000  1.151051520605
0.158000  1.149742423797
0.159000  1.148408223713
0.160000  1.147047270197
0.161000  1.145660786442
0.162000  1.144245567143
0.163000  1.142803281073
0.164000  1.141332074681
0.165000  1.139833788855
0.166000  1.138305836244
0.167000  1.136748876349
0.168000  1.135161260294
0.169000  1.133543975914
0.170000  1.131893975138
0.171000  1.130212733416
0.172000  1.128498411278
0.173000  1.126752583621
0.174000  1.124972814081
0.175000  1.123159584553
0.176000  1.121311250179
0.177000  1.119428526223
0.178000  1.117508548674
0.179000  1.115552568930
0.180000  1.113558766210
0.181000  1.111528407314
0.182000  1.109459232626
0.183000  1.107351517696
0.184000  1.105203624912
0.185000  1.103015953918
0.186000  1.100785854937
0.187000  1.098514319511
0.188000  1.096199550746
0.189000  1.093842458589
0.190000  1.091440989032
0.191000  1.088995177374
0.192000  1.086503396852
0.193000  1.083965681512
0.194000  1.081379629202
0.195000  1.078745929725
0.196000  1.076062815376
0.197000  1.073330782822
0.198000  1.070548014654
0.199000  1.067714266518
0.200000  1.064827923470
0.201000  1.061888597661
0.202000  1.058991355613
0.203000  1.056136948996
0.204000  1.053324112523
0.205000  1.050553311683
0.206000  1.047823516063
0.207000  1.045134646573
0.208000  1.042485654825
0.209000  1.039876239813
0.210000  1.037305184740
0.211000  1.034773024815
0.212000  1.032278683243
0.213000  1.029822354635
0.214000  1.027403429924
0.215000  1.025021679563
0.216000  1.022676204845
0.217000  1.020366481190
0.218000  1.018091706568
0.219000  1.015852229491
0.220000  1.013647135226
0.221000  1.011476376379
0.222000  1.009339713664
0.223000  1.007236780189
0.224000  1.005166810483
0.225000  1.003129080783
0.226000  1.001123151882
0.227000  0.999149205508
0.228000  0.997206470244
0.229000  0.995294684915
0.230000  0.993413934032
0.231000  0.991563727394
0.232000  0.989743418316
0.233000  0.987952107495
0.234000  0.986189673108
0.235000  0.984456149478
0.236000  0.982750892251
0.237000  0.981073453070
0.238000  0.979424200006
0.239000  0.977802533662
0.240000  0.976207913546
0.241000  0.974639287172
0.242000  0.973096810359
0.243000  0.971580388543
0.244000  0.970089490332
0.245000  0.968623504943
0.246000  0.967183048759
0.247000  0.965767427000
0.248000  0.964376194338
0.249000  0.963008165980
0.250000  0.961663740565
0.251000  0.960342712085
0.252000  0.959044649813
0.253000  0.957768803334
0.254000  0.956516006421
0.255000  0.955285482132
0.256000  0.954076870590
0.257000  0.952888873930
0.258000  0.951722103078
0.259000  0.950576256765
0.260000  0.949450994142
0.261000  0.948345445929
0.262000  0.947260636130
0.263000  0.946195718035
0.264000  0.945150408606
0.265000  0.944123314422
0.266000  0.943115231875
0.267000  0.942125779250
0.268000  0.941154696051
0.269000  0.940201012850
0.270000  0.939265919989
0.271000  0.938348512407
0.272000  0.937448576209
0.273000  0.936564638170
0.274000  0.935697656565
0.275000  0.934847182611
0.276000  0.934013027690
0.277000  0.933194138915
0.278000  0.932391851921
0.279000  0.931605213631
0.280000  0.930834072367
0.281000  0.930076889092
0.282000  0.929334763203
0.283000  0.928607190764
0.284000  0.927894047456
0.285000  0.927194211642
0.286000  0.926509145695
0.287000  0.925837857718
0.288000  0.925180251982
0.289000  0.924534735907
0.290000  0.923902531729
0.291000  0.923283090829
0.292000  0.922676346358
0.293000  0.922081120751
0.294000  0.921498986751
0.295000  0.920928921691
0.296000  0.920370880081
0.297000  0.919823226433
0.298000  0.919287289701
0.299000  0.918762485661
0.300000  0.918248798760
0.301000  0.917745006550
0.302000  0.917252777693
0.303000  0.916771065693
0.304000  0.916299870078
0.305000  0.915837521543
0.306000  0.915385441557
0.307000  0.914943018049
0.308000  0.914510281158
0.309000  0.914085972955
0.310000  0.913671845274
0.311000  0.913266833667
0.312000  0.912870977895
0.313000  0.912482582509
0.314000  0.912103148980
0.315000  0.911732043933
0.316000  0.911369338098
0.317000  0.911013745978
0.318000  0.910667091327
0.319000  0.910328296651
0.320000  0.909997437547
0.321000  0.909672798815
0.322000  0.909355950915
0.323000  0.909046244602
0.324000  0.908743786550
0.325000  0.908447270267
0.326000  0.908158581520
0.327000  0.907876633778
0.328000  0.907601534447
0.329000  0.907331553817
0.330000  0.907068321660
0.331000  0.906811177308
0.332000  0.906560259152
0.333000  0.906314245087
0.334000  0.906075074180
0.335000  0.905841654086
0.336000  0.905614120327
0.337000  0.905390732923
0.338000  0.905173172468
0.339000  0.904960770446
0.340000  0.904753693127
0.341000  0.904550607139
0.342000  0.904353497208
0.343000  0.904161267702
0.344000  0.903974078887
0.345000  0.903790183882
0.346000  0.903611306675
0.347000  0.903436773728
0.348000  0.903266775704
0.349000  0.903099971430
0.350000  0.902938384594
0.351000  0.902780918219
0.352000  0.902627754245
0.353000  0.902477141512
0.354000  0.902330840928
0.355000  0.902188176111
0.356000  0.902049358977
0.357000  0.901913043251
0.358000  0.901781285750
0.359000  0.901652989589
0.360000  0.901528355602
0.361000  0.901405630349
0.362000  0.901286606026
0.363000  0.901170605048
0.364000  0.901057857760
0.365000  0.900947014858
0.366000  0.900840161208
0.367000  0.900736201045
0.368000  0.900635351588
0.369000  0.900535858605
0.370000  0.900439540692
0.371000  0.900345720269
0.372000  0.900254643576
0.373000  0.900164959829
0.374000  0.900078777544
0.375000  0.899995002772
0.376000  0.899913866864
0.377000  0.899833615861
0.378000  0.899756090548
0.379000  0.899680614186
0.380000  0.899607446659
0.381000  0.899535236827
0.382000  0.899466113067
0.383000  0.899398983665
0.384000  0.899334092101
0.385000  0.899269685416
0.386000  0.899207622960
0.387000  0.899147229393
0.388000  0.899088776247
0.389000  0.899030912811
0.390000  0.898975784060
0.391000  0.898922300736
0.392000  0.898870716673
0.393000  0.898819280370
0.394000  0.898769866647
0.395000  0.898721801890
0.396000  0.898675367524
0.397000  0.898629213785
0.398000  0.898585499459
0.399000  0.898543137808
0.400000  0.898502391449
0.401000  0.898461510606
0.402000  0.898422382922
0.403000  0.898384336673
0.404000  0.898347661638
0.405000  0.898311009315
0.406000  0.898276549926
0.407000  0.898243199203
0.408000  0.898211227175
0.409000  0.898178885900
0.410000  0.898148073603
0.411000  0.898118120489
0.412000  0.898089323349
0.413000  0.898060335106
0.414000  0.898033335403
0.415000  0.898007242318
0.416000  0.897982332095
0.417000  0.897956858629
0.418000  0.897932728833
0.419000  0.897909274789
0.420000  0.897886799146
0.421000  0.897863956295
0.422000  0.897842933607
0.423000  0.897822651327
0.424000  0.897803390882
0.425000  0.897783407927
0.426000  0.897764616476
0.427000  0.897746350377
0.428000  0.897728917140
0.429000  0.897710972595
0.430000  0.897694710419
0.431000  0.897679052813
0.432000  0.897664285505
0.433000  0.897648665783
0.434000  0.897634113436
0.435000  0.897619963929
0.436000  0.897606528783
0.437000  0.897592465185
0.438000  0.897579971928
0.439000  0.897567972955
0.440000  0.897556757533
0.441000  0.897544584435
0.442000  0.897533378118
0.443000  0.897522475498
0.444000  0.897512191387
0.445000  0.897501184213
0.446000  0.897491656899
0.447000  0.897482534912
0.448000  0.897474110416
0.449000  0.897464643504
0.450000  0.897456062389
0.451000  0.897447705264
0.452000  0.897439889624
0.453000  0.897431275006
0.454000  0.897424067651
0.455000  0.897417194338
0.456000  0.897410949592
0.457000  0.897403594655
0.458000  0.897397060746
0.459000  0.897390687165
0.460000  0.897384793580
0.461000  0.897378040503
0.462000  0.897372636822
0.463000  0.897367510435
0.464000  0.897362957775
0.465000  0.897357241071
0.466000  0.897352293937
0.467000  0.897347456617
0.468000  0.897343050529
0.469000  0.897337737025
0.470000  0.897333727097
0.471000  0.897329949582
0.472000  0.897326702446
0.473000  0.897322248758
0.474000  0.897318524024
0.475000  0.897314869286
0.476000  0.897311607363
0.477000  0.897307400317
0.478000  0.897304460805
0.479000  0.897301718444
0.480000  0.897299472425
0.481000  0.897295986518
0.482000  0.897293197720
0.483000  0.897290447736
0.484000  0.897288060499
0.485000  0.897284698670
0.486000  0.897282576209
0.487000  0.897280623375
0.488000  0.897279140334
0.489000  0.897276391435
0.490000  0.897274314840
0.491000  0.897272252802
0.492000  0.897270530134
0.493000  0.897267809990
0.494000  0.897266307351
0.495000  0.897264952998
0.496000  0.897264047865
0.497000  0.897261856774
0.498000  0.897260318794
0.499000  0.897258776626
0.500000  0.897257555773
0.501000  0.897255319793
0.502000  0.897254284457
0.503000  0.897253380970
0.504000  0.897252910866
0.505000  0.897251139351
0.506000  0.897250006196
0.507000  0.897248854462
0.508000  0.897248010190
0.509000  0.897246137266
0.510000  0.897245452070
0.511000  0.897244886148
0.512000  0.897244741498
0.513000  0.897243283636
0.514000  0.897242452872
0.515000  0.897241592553
0.516000  0.897241029139
0.517000  0.897239426780
0.518000  0.897239002321
0.519000  0.897238687578
0.520000  0.897238784908
0.521000  0.897237560074
0.522000  0.897236953796
0.523000  0.897236309652
0.524000  0.897235954421
0.525000  0.897234552461
0.526000  0.897234320976
0.527000  0.897234191990
0.528000  0.897234468139
0.529000  0.897233415379
0.530000  0.897232974742
0.531000  0.897232489985
0.532000  0.897232288135
0.533000  0.897231033711
0.534000  0.897230944189
0.535000  0.897230951756
0.536000  0.897231359261
0.537000  0.897230432810
0.538000  0.897230113671
0.539000  0.897229745742
0.540000  0.897229656234
0.541000  0.897228509798
0.542000  0.897228524110
0.543000  0.897228631486
0.544000  0.897229134935
0.545000  0.897228300680
0.546000  0.897228070167
0.547000  0.897227787400
0.548000  0.897227779734
0.549000  0.897226711917
0.550000  0.897226801779
0.551000  0.897226981732
0.552000  0.897227554909
0.553000  0.897226787620
0.554000  0.897226621445
0.555000  0.897226400471
0.556000  0.897226452160
0.557000  0.897225441335
0.558000  0.897225585941
0.559000  0.897225818465
0.560000  0.897226442129
0.561000  0.897225723313
0.562000  0.897225603698
0.563000  0.897225427433
0.564000  0.897225522059
0.565000  0.897224552459
0.566000  0.897224736661
0.567000  0.897225007211
0.568000  0.897225667399
0.569000  0.897224983658
0.570000  0.897224897742
0.571000  0.897224753849
0.572000  0.897224879580
0.573000  0.897223939863
0.574000  0.897224152790
0.575000  0.897224450950
0.576000  0.897225137684
0.577000  0.897224479469
0.578000  0.897224418110
0.579000  0.897224297844
0.580000  0.897224446318
0.581000  0.897223528495
0.582000  0.897223762515
0.583000  0.897224081000
0.584000  0.897224787332
0.585000  0.897224148018
0.586000  0.897224104906
0.587000  0.897224002263
0.588000  0.897224167771
0.589000  0.897223266421
0.590000  0.897223516387
0.591000  0.897223850322
0.592000  0.897224571638
0.593000  0.897223946866
0.594000  0.897223917889
0.595000  0.897223828997
0.596000  0.897224007901
0.597000  0.897223119615
0.598000  0.897223382342
0.599000  0.897223728760
0.600000  0.897224462303
0.601000  0.897223849528
0.602000  0.897223832342
0.603000  0.897223755059
0.604000  0.897223945411
0.605000  0.897223068436
0.606000  0.897223342362
0.607000  0.897223699885
0.608000  0.897224444464
0.609000  0.897223842678
0.610000  0.897223836457
0.611000  0.897223770134
0.612000  0.897223971465
0.613000  0.897223105510
0.614000  0.897223390517
0.615000  0.897223759207
0.616000  0.897224515059
0.617000  0.897223924675
0.618000  0.897223930007
0.619000  0.897223875411
0.620000  0.897224088665
0.621000  0.897223234854
0.622000  0.897223532250
0.623000  0.897223913595
0.624000  0.897224682393
0.625000  0.897224105273
0.626000  0.897224124209
0.627000  0.897224083585
0.628000  0.897224311204
0.629000  0.897223472179
0.630000  0.897223784808
0.631000  0.897224181862
0.632000  0.897224966871
0.633000  0.897224406500
0.634000  0.897224442746
0.635000  0.897224420029
0.636000  0.897224666180
0.637000  0.897223846350
0.638000  0.897224178866
0.639000  0.897224596537
0.640000  0.897225402926
0.641000  0.897224864740
0.642000  0.897224924008
0.643000  0.897224925193
0.644000  0.897225196163
0.645000  0.897224402121
0.646000  0.897224761424
0.647000  0.897225206935
0.648000  0.897226042257
0.649000  0.897225534152
0.650000  0.897225624691
0.651000  0.897225658393
0.652000  0.897225963172
0.653000  0.897225204296
0.654000  0.897225600170
0.655000  0.897226083719
0.656000  0.897226958601
0.657000  0.897226491653
0.658000  0.897226624993
0.659000  0.897226703219
0.660000  0.897227054304
0.661000  0.897226343605
0.662000  0.897226789582
0.663000  0.897227325246
0.664000  0.897228254325
0.665000  0.897227843755
0.666000  0.897228035719
0.667000  0.897228174912
0.668000  0.897228589390
0.669000  0.897227944621
0.670000  0.897228459142
0.671000  0.897229066074
0.672000  0.897230069236
0.673000  0.897229735697
0.674000  0.897230007719
0.675000  0.897230230131
0.676000  0.897230731088
0.677000  0.897230176214
0.678000  0.897230784136
0.679000  0.897231488127
0.680000  0.897232592118
0.681000  0.897232363356
0.682000  0.897232744203
0.683000  0.897233079661
0.684000  0.897233698018
0.685000  0.897233265097
0.686000  0.897233999644
0.687000  0.897234835125
0.688000  0.897236075622
0.689000  0.897235988608
0.690000  0.897236516574
0.691000  0.897237004750
0.692000  0.897237781590
0.693000  0.897237513181
0.694000  0.897238418416
0.695000  0.897239431013
0.696000  0.897240855245
0.697000  0.897240958882
0.698000  0.897241684577
0.699000  0.897242377850
0.700000  0.897243367370
0.701000  0.897243319568
0.702000  0.897244453517
0.703000  0.897245703264
0.704000  0.897247373320
0.705000  0.897247731845
0.706000  0.897248721683
0.707000  0.897249688739
0.708000  0.897250961946
0.709000  0.897251208178
0.710000  0.897252646737
0.711000  0.897254212086
0.712000  0.897256209038
0.713000  0.897256906251
0.714000  0.897258246809
0.715000  0.897259577104
0.716000  0.897261226402
0.717000  0.897261862147
0.718000  0.897263703915
0.719000  0.897265686706
0.720000  0.897268115704
0.721000  0.897269260208
0.722000  0.897271063590
0.723000  0.897272872863
0.724000  0.897275017704
0.725000  0.897276166287
0.726000  0.897278538518
0.727000  0.897281070074
0.728000  0.897284066602
0.729000  0.897285798214
0.730000  0.897288208624
0.731000  0.897290645633
0.732000  0.897293439420
0.733000  0.897295259090
0.734000  0.897298324937
0.735000  0.897301573495
0.736000  0.897305310973
0.737000  0.897307808516
0.738000  0.897311010236
0.739000  0.897314264927
0.740000  0.897317903378
0.741000  0.897320595869
0.742000  0.897324563149
0.743000  0.897328742825
0.744000  0.897333441788
0.745000  0.897336932480
0.746000  0.897341159474
0.747000  0.897345472804
0.748000  0.897350203997
0.749000  0.897354024804
0.750000  0.897359156502
0.751000  0.897364538033
0.752000  0.897370477102
0.753000  0.897375247782
0.754000  0.897380795157
0.755000  0.897386470813
0.756000  0.897392607150
0.757000  0.897397877763
0.758000  0.897404504517
0.759000  0.897411428012
0.760000  0.897418956919
0.761000  0.897425367340
0.762000  0.897432604925
0.763000  0.897440023174
0.764000  0.897447955518
0.765000  0.897455077845
0.766000  0.897463612668
0.767000  0.897472502627
0.768000  0.897482057526
0.769000  0.897490555983
0.770000  0.897499944249
0.771000  0.897509578181
0.772000  0.897519792410
0.773000  0.897529265661
0.774000  0.897540221138
0.775000  0.897551603980
0.776000  0.897563725307
0.777000  0.897574866834
0.778000  0.897586975427
0.779000  0.897599409830
0.780000  0.897612506056
0.781000  0.897624946316
0.782000  0.897638954528
0.783000  0.897653478872
0.784000  0.897668831979
0.785000  0.897683299360
0.786000  0.897698828472
0.787000  0.897714781576
0.788000  0.897731496254
0.789000  0.897747658983
0.790000  0.897765494379
0.791000  0.897783954305
0.792000  0.897803353101
0.793000  0.897821980908
0.794000  0.897841785702
0.795000  0.897862133999
0.796000  0.897883365140
0.797000  0.897904170799
0.798000  0.897926776217
0.799000  0.897950137692
0.800000  0.897974571476
0.801000  0.897998373324
0.802000  0.898023491585
0.803000  0.898049297902
0.804000  0.898076133558
0.805000  0.898102696523
0.806000  0.898131212515
0.807000  0.898160643148
0.808000  0.898191306773
0.809000  0.898221505927
0.810000  0.898253189085
0.811000  0.898285734039
0.812000  0.898319484173
0.813000  0.898353145051
0.814000  0.898388942621
0.815000  0.898425844832
0.816000  0.898464172301
0.817000  0.898502235716
0.818000  0.898541983304
0.819000  0.898582800194
0.820000  0.898625031996
0.821000  0.898667393393
0.822000  0.898712110178
0.823000  0.898758157818
0.824000  0.898805859320
0.825000  0.898853535125
0.826000  0.898903132671
0.827000  0.898954045803
0.828000  0.899006622429
0.829000  0.899059588128
0.830000  0.899115167985
0.831000  0.899172346340
0.832000  0.899231448665
0.833000  0.899290807011
0.834000  0.899352367281
0.835000  0.899415533619
0.836000  0.899480656230
0.837000  0.899546473661
0.838000  0.899615209516
0.839000  0.899685858561
0.840000  0.899758748721
0.841000  0.899832225818
0.842000  0.899908233204
0.843000  0.899986187150
0.844000  0.900066440050
0.845000  0.900147745818
0.846000  0.900232325533
0.847000  0.900319186162
0.848000  0.900408657961
0.849000  0.900499103015
0.850000  0.900592460792
0.851000  0.900688161774
0.852000  0.900786560305
0.853000  0.900886428436
0.854000  0.900989983347
0.855000  0.901096246220
0.856000  0.901205549381
0.857000  0.901316274042
0.858000  0.901430354060
0.859000  0.901547236508
0.860000  0.901667277271
0.861000  0.901789269727
0.862000  0.901915425377
0.863000  0.902044781896
0.864000  0.902177673242
0.865000  0.902312503045
0.866000  0.902451197346
0.867000  0.902593222521
0.868000  0.902738935369
0.869000  0.902887154255
0.870000  0.903040082742
0.871000  0.903196777571
0.872000  0.903357573676
0.873000  0.903520900858
0.874000  0.903688674587
0.875000  0.903860383607
0.876000  0.904036384760
0.877000  0.904215525571
0.878000  0.904399998844
0.879000  0.904588883281
0.880000  0.904782513871
0.881000  0.904979350867
0.882000  0.905181295757
0.883000  0.905387863118
0.884000  0.905599408654
0.885000  0.905814813823
0.886000  0.906036257175
0.887000  0.906262842623
0.888000  0.906494903988
0.889000  0.906730936835
0.890000  0.906972824496
0.891000  0.907220111298
0.892000  0.907473150271
0.893000  0.907730862222
0.894000  0.907995407199
0.895000  0.908265917963
0.896000  0.908542725583
0.897000  0.908824366453
0.898000  0.909112700700
0.899000  0.909407306807
0.900000  0.909708533189
0.901000  0.910015346156
0.902000  0.910329882119
0.903000  0.910651306761
0.904000  0.910979946413
0.905000  0.911314384538
0.906000  0.911656452011
0.907000  0.912005766432
0.908000  0.912362669202
0.909000  0.912726179099
0.910000  0.913098402774
0.911000  0.913478543384
0.912000  0.913866920084
0.913000  0.914262170455
0.914000  0.914666088958
0.915000  0.915078337879
0.916000  0.915499248696
0.917000  0.915927900537
0.918000  0.916366363058
0.919000  0.916813881974
0.920000  0.917270766334
0.921000  0.917735715790
0.922000  0.918210479973
0.923000  0.918694772112
0.924000  0.919188910308
0.925000  0.919692042934
0.926000  0.920206194185
0.927000  0.920730658010
0.928000  0.921265729901
0.929000  0.921810180544
0.930000  0.922365704938
0.931000  0.922932074293
0.932000  0.923509589276
0.933000  0.924097477554
0.934000  0.924697708035
0.935000  0.925309629255
0.936000  0.925933519140
0.937000  0.926568229508
0.938000  0.927215389415
0.939000  0.927874835947
0.940000  0.928546847686
0.941000  0.929230742907
0.942000  0.929928423945
0.943000  0.930639301022
0.944000  0.931363629932
0.945000  0.932100355002
0.946000  0.932851026383
0.947000  0.933615555926
0.948000  0.934394194838
0.949000  0.935186364776
0.950000  0.935993888620
0.951000  0.936816246234
0.952000  0.937653666170
0.953000  0.938505198065
0.954000  0.939372298442
0.955000  0.940254963918
0.956000  0.941153412430
0.957000  0.942067183407
0.958000  0.942998005710
0.959000  0.943945437767
0.960000  0.944909675257
0.961000  0.945889887557
0.962000  0.946887420945
0.963000  0.947902368083
0.964000  0.948934907154
0.965000  0.949984711590
0.966000  0.951053399881
0.967000  0.952140619051
0.968000  0.953246525814
0.969000  0.954370425548
0.970000  0.955513535679
0.971000  0.956676057642
0.972000  0.957858122857
0.973000  0.959059557069
0.974000  0.960281850178
0.975000  0.961524749112
0.976000  0.962788365143
0.977000  0.964072158016
0.978000  0.965377195582
0.979000  0.966703802515
0.980000  0.968052055962
0.981000  0.969421954721
0.982000  0.970814839957
0.983000  0.972230571631
0.984000  0.973669208646
0.985000  0.975130386109
0.986000  0.976615000009
0.987000  0.978123517380
0.988000  0.979655951784
0.989000  0.981212505354
0.990000  0.982794349552
0.991000  0.984401503296
0.992000  0.986033940935
0.993000  0.987691591402
0.994000  0.989375109592
0.995000  0.991085148146
0.996000  0.992821461976
0.997000  0.994584450475
0.998000  0.996373829298
0.999000  0.998176656613
1.000000  0.999998757249
