0.000000  1.033328708717
0.001000  1.033327091346
0.002000  1.033344968214
0.003000  1.033355921868
0.004000  1.033364003884
0.005000  1.033376622904
0.006000  1.033385986784
0.007000  1.033399211939
0.008000  1.033409516902
0.009000  1.033418788644
0.010000  1.033426418242
0.011000  1.033437602083
0.012000  1.033446046945
0.013000  1.033453512888
0.014000  1.033459419377
0.015000  1.033468954673
0.016000  1.033475821677
0.017000  1.033481779940
0.018000  1.033486243962
0.019000  1.033494402115
0.020000  1.033499952244
0.021000  1.033504653756
0.022000  1.033507916838
0.023000  1.033514929819
0.024000  1.033519386290
0.025000  1.033523045393
0.026000  1.033525313690
0.027000  1.033531379327
0.028000  1.033534932340
0.029000  1.033537731518
0.030000  1.033539180385
0.031000  1.033544466811
0.032000  1.033547277861
0.033000  1.033549371917
0.034000  1.033550149964
0.035000  1.033554799525
0.036000  1.033557005197
0.037000  1.033558524915
0.038000  1.033558757548
0.039000  1.033562890230
0.040000  1.033564605503
0.041000  1.033565660844
0.042000  1.033565453353
0.043000  1.033569169756
0.044000  1.033570490886
0.045000  1.033571173760
0.046000  1.033570614008
0.047000  1.033573997934
0.048000  1.033575004960
0.049000  1.033575391649
0.050000  1.033574552407
0.051000  1.033577673124
0.052000  1.033578432051
0.053000  1.033578585318
0.054000  1.033577526310
0.055000  1.033580440519
0.056000  1.033581005226
0.057000  1.033580976148
0.058000  1.033579745825
0.059000  1.033582499367
0.060000  1.033582913248
0.061000  1.033582742800
0.062000  1.033581379854
0.063000  1.033584009157
0.064000  1.033584306509
0.065000  1.033584026876
0.066000  1.033582561489
0.067000  1.033585094744
0.068000  1.033585301866
0.069000  1.033584937467
0.070000  1.033583392250
0.071000  1.033585850263
0.072000  1.033585986217
0.073000  1.033585554363
0.074000  1.033583944915
0.075000  1.033586341551
0.076000  1.033586418490
0.077000  1.033585929582
0.078000  1.033584264552
0.079000  1.033586606644
0.080000  1.033586629560
0.081000  1.033586086667
0.082000  1.033584367137
0.083000  1.033586653670
0.084000  1.033586619356
0.085000  1.033586016931
0.086000  1.033584234883
0.087000  1.033586455170
0.088000  1.033586350098
0.089000  1.033585671525
0.090000  1.033583807026
0.091000  1.033585937508
0.092000  1.033585734208
0.093000  1.033584947725
0.094000  1.033582964361
0.095000  1.033584963511
0.096000  1.033584614899
0.097000  1.033583667312
0.098000  1.033581505240
0.099000  1.033583305886
0.100000  1.033582736832
0.101000  1.033581544240
0.102000  1.033579110033
0.103000  1.033580608250
0.104000  1.033579703450
0.105000  1.033578138030
0.106000  1.033575290299
0.107000  1.033576329784
0.108000  1.033574916821
0.109000  1.033572788471
0.110000  1.033569318030
0.111000  1.033569668673
0.112000  1.033567494923
0.113000  1.033564526396
0.114000  1.033560129534
0.115000  1.033559458705
0.116000  1.033556160576
0.117000  1.033551954520
0.118000  1.033546197786
0.119000  1.033544032716
0.120000  1.033539095555
0.121000  1.033533091810
0.122000  1.033525366633
0.123000  1.033521046199
0.124000  1.033513753206
0.125000  1.033505174686
0.126000  1.033494640191
0.127000  1.033487254505
0.128000  1.033476623085
0.129000  1.033464408740
0.130000  1.033449921325
0.131000  1.033438237767
0.132000  1.033422942066
0.133000  1.033405665773
0.134000  1.033385694419
0.135000  1.033368069226
0.136000  1.033346348116
0.137000  1.033322122930
0.138000  1.033294649878
0.139000  1.033268925104
0.140000  1.033238475650
0.141000  1.033204843684
0.142000  1.033167250964
0.143000  1.033130637574
0.144000  1.033088495022
0.145000  1.033042304266
0.146000  1.032991247711
0.147000  1.032940196735
0.148000  1.032882603257
0.149000  1.032819873889
0.150000  1.032751147518
0.151000  1.032681212462
0.152000  1.032603478204
0.153000  1.032519262292
0.154000  1.032427657272
0.155000  1.032333352356
0.156000  1.032229713671
0.157000  1.032117953434
0.158000  1.031997117120
0.159000  1.031871777101
0.160000  1.031735258007
0.161000  1.031588648947
0.162000  1.031430950524
0.163000  1.031266598849
0.164000  1.031088882631
0.165000  1.030898748590
0.166000  1.030695158508
0.167000  1.030482391063
0.168000  1.030253709334
0.169000  1.030009896820
0.170000  1.029749887313
0.171000  1.029477779002
0.172000  1.029186825347
0.173000  1.028877624081
0.174000  1.028549097544
0.175000  1.028205138227
0.176000  1.027839012671
0.177000  1.027451108281
0.178000  1.027040359052
0.179000  1.026610423979
0.180000  1.026154612963
0.181000  1.025673076020
0.182000  1.025164789230
0.183000  1.024633147079
0.184000  1.024071541457
0.185000  1.023479854741
0.186000  1.022857143472
0.187000  1.022206502571
0.188000  1.021521453513
0.189000  1.020801576690
0.190000  1.020046055919
0.191000  1.019257646394
0.192000  1.018430056215
0.193000  1.017562524232
0.194000  1.016654417127
0.195000  1.015708103850
0.196000  1.014717545954
0.197000  1.013681594649
0.198000  1.012599864083
0.199000  1.011474282657
0.200000  1.010299142203
0.201000  1.009072852207
0.202000  1.007894959493
0.203000  1.006767084908
0.204000  1.005684140440
0.205000  1.004644280049
0.206000  1.003648037247
0.207000  1.002696606355
0.208000  1.001785352365
0.209000  1.000912076268
0.210000  1.000077689676
0.211000  0.999283047856
0.212000  0.998523921966
0.213000  0.997797837927
0.214000  0.997106049693
0.215000  0.996449151875
0.216000  0.995823280076
0.217000  0.995225754999
0.218000  0.994658140675
0.219000  0.994120840326
0.220000  0.993610316393
0.221000  0.993123745237
0.222000  0.992662971456
0.223000  0.992228266345
0.224000  0.991816384946
0.225000  0.991424410708
0.226000  0.991054441402
0.227000  0.990706665884
0.228000  0.990378100270
0.229000  0.990065777086
0.230000  0.989772021515
0.231000  0.989496979725
0.232000  0.989237899619
0.233000  0.988991795734
0.234000  0.988761196229
0.235000  0.988546235205
0.236000  0.988344364995
0.237000  0.988152606742
0.238000  0.987973668310
0.239000  0.987807694126
0.240000  0.987652315356
0.241000  0.987504576969
0.242000  0.987367344403
0.243000  0.987240787667
0.244000  0.987122692871
0.245000  0.987010139759
0.246000  0.986906130433
0.247000  0.986810869784
0.248000  0.986722276722
0.249000  0.986637471607
0.250000  0.986559573644
0.251000  0.986488827159
0.252000  0.986423263536
0.253000  0.986360045625
0.254000  0.986302391677
0.255000  0.986250586400
0.256000  0.986202755229
0.257000  0.986156102476
0.258000  0.986113929016
0.259000  0.986076558329
0.260000  0.986042193431
0.261000  0.986008077106
0.262000  0.985977578173
0.263000  0.985951055595
0.264000  0.985926775487
0.265000  0.985902014940
0.266000  0.985880197813
0.267000  0.985861714330
0.268000  0.985844881177
0.269000  0.985827005032
0.270000  0.985811553668
0.271000  0.985798943969
0.272000  0.985787532551
0.273000  0.985774650871
0.274000  0.985763801197
0.275000  0.985755422515
0.276000  0.985747902478
0.277000  0.985738592769
0.278000  0.985731022320
0.279000  0.985725647974
0.280000  0.985720881141
0.281000  0.985714089606
0.282000  0.985708822594
0.283000  0.985705551030
0.284000  0.985702704220
0.285000  0.985697662488
0.286000  0.985693990251
0.287000  0.985692169293
0.288000  0.985690642190
0.289000  0.985686798820
0.290000  0.985684214787
0.291000  0.985683380077
0.292000  0.985682746945
0.293000  0.985679712398
0.294000  0.985677860150
0.295000  0.985677686251
0.296000  0.985677649906
0.297000  0.985675153335
0.298000  0.985673786034
0.299000  0.985674048451
0.300000  0.985674404696
0.301000  0.985672260736
0.302000  0.985671210115
0.303000  0.985671756412
0.304000  0.985672367147
0.305000  0.985670450920
0.306000  0.985669604073
0.307000  0.985670332367
0.308000  0.985671105653
0.309000  0.985669334352
0.310000  0.985668616702
0.311000  0.985669459964
0.312000  0.985670335550
0.313000  0.985668655123
0.314000  0.985668018184
0.315000  0.985668933001
0.316000  0.985669872025
0.317000  0.985668247739
0.318000  0.985667660479
0.319000  0.985668619176
0.320000  0.985669596956
0.321000  0.985668006844
0.322000  0.985667449710
0.323000  0.985668434919
0.324000  0.985669436029
0.325000  0.985667866411
0.326000  0.985667327276
0.327000  0.985668328267
0.328000  0.985669343212
0.329000  0.985667785703
0.330000  0.985667257164
0.331000  0.985668267410
0.332000  0.985669290439
0.333000  0.985667739978
0.334000  0.985667217584
0.335000  0.985668233178
0.336000  0.985669260860
0.337000  0.985667714442
0.338000  0.985667195558
0.339000  0.985668214196
0.340000  0.985669244517
0.341000  0.985667700383
0.342000  0.985667183476
0.343000  0.985668203821
0.344000  0.985669235617
0.345000  0.985667692754
0.346000  0.985667176943
0.347000  0.985668198232
0.348000  0.985669230838
0.349000  0.985667688673
0.350000  0.985667173461
0.351000  0.985668195263
0.352000  0.985669228310
0.353000  0.985667686521
0.354000  0.985667171632
0.355000  0.985668193709
0.356000  0.985669226991
0.357000  0.985667685403
0.358000  0.985667170684
0.359000  0.985668192907
0.360000  0.985669226313
0.361000  0.985667684830
0.362000  0.985667170201
0.363000  0.985668192499
0.364000  0.985669225969
0.365000  0.985667684541
0.366000  0.985667169957
0.367000  0.985668192295
0.368000  0.985669225798
0.369000  0.985667684397
0.370000  0.985667169837
0.371000  0.985668192194
0.372000  0.985669225713
0.373000  0.985667684326
0.374000  0.985667169778
0.375000  0.985668192144
0.376000  0.985669225672
0.377000  0.985667684292
0.378000  0.985667169749
0.379000  0.985668192121
0.380000  0.985669225652
0.381000  0.985667684276
0.382000  0.985667169736
0.383000  0.985668192110
0.384000  0.985669225643
0.385000  0.985667684268
0.386000  0.985667169729
0.387000  0.985668192104
0.388000  0.985669225639
0.389000  0.985667684264
0.390000  0.985667169726
0.391000  0.985668192102
0.392000  0.985669225637
0.393000  0.985667684263
0.394000  0.985667169725
0.395000  0.985668192101
0.396000  0.985669225636
0.397000  0.985667684262
0.398000  0.985667169725
0.399000  0.985668192100
0.400000  0.985669225636
0.401000  0.985667684262
0.402000  0.985667169724
0.403000  0.985668192100
0.404000  0.985669225635
0.405000  0.985667684262
0.406000  0.985667169724
0.407000  0.985668192100
0.408000  0.985669225635
0.409000  0.985667684262
0.410000  0.985667169724
0.411000  0.985668192100
0.412000  0.985669225635
0.413000  0.985667684262
0.414000  0.985667169724
0.415000  0.985668192100
0.416000  0.985669225635
0.417000  0.985667684262
0.418000  0.985667169724
0.419000  0.985668192100
0.420000  0.985669225635
0.421000  0.985667684262
0.422000  0.985667169724
0.423000  0.985668192100
0.424000  0.985669225635
0.425000  0.985667684262
0.426000  0.985667169724
0.427000  0.985668192100
0.428000  0.985669225635
0.429000  0.985667684262
0.430000  0.985667169724
0.431000  0.985668192100
0.432000  0.985669225635
0.433000  0.985667684262
0.434000  0.985667169724
0.435000  0.985668192100
0.436000  0.985669225635
0.437000  0.985667684262
0.438000  0.985667169724
0.439000  0.985668192100
0.440000  0.985669225635
0.441000  0.985667684262
0.442000  0.985667169724
0.443000  0.985668192100
0.444000  0.985669225635
0.445000  0.985667684262
0.446000  0.985667169724
0.447000  0.985668192100
0.448000  0.985669225635
0.449000  0.985667684262
0.450000  0.985667169724
0.451000  0.985668192100
0.452000  0.985669225635
0.453000  0.985667684262
0.454000  0.985667169724
0.455000  0.985668192100
0.456000  0.985669225635
0.457000  0.985667684262
0.458000  0.985667169724
0.459000  0.985668192100
0.460000  0.985669225635
0.461000  0.985667684262
0.462000  0.985667169724
0.463000  0.985668192100
0.464000  0.985669225635
0.465000  0.985667684262
0.466000  0.985667169724
0.467000  0.985668192100
0.468000  0.985669225635
0.469000  0.985667684262
0.470000  0.985667169724
0.471000  0.985668192100
0.472000  0.985669225635
0.473000  0.985667684262
0.474000  0.985667169724
0.475000  0.985668192100
0.476000  0.985669225635
0.477000  0.985667684262
0.478000  0.985667169724
0.479000  0.985668192100
0.480000  0.985669225635
0.481000  0.985667684262
0.482000  0.985667169724
0.483000  0.985668192100
0.484000  0.985669225635
0.485000  0.985667684262
0.486000  0.985667169724
0.487000  0.985668192100
0.488000  0.985669225635
0.489000  0.985667684262
0.490000  0.985667169724
0.491000  0.985668192100
0.492000  0.985669225635
0.493000  0.985667684262
0.494000  0.985667169724
0.495000  0.985668192100
0.496000  0.985669225635
0.497000  0.985667684262
0.498000  0.985667169724
0.499000  0.985668192100
0.500000  0.985669225635
0.501000  0.985667684262
0.502000  0.985667169724
0.503000  0.985668192100
0.504000  0.985669225635
0.505000  0.985667684262
0.506000  0.985667169724
0.507000  0.985668192100
0.508000  0.985669225635
0.509000  0.985667684262
0.510000  0.985667169724
0.511000  0.985668192100
0.512000  0.985669225635
0.513000  0.985667684262
0.514000  0.985667169724
0.515000  0.985668192100
0.516000  0.985669225635
0.517000  0.985667684262
0.518000  0.985667169724
0.519000  0.985668192100
0.520000  0.985669225635
0.521000  0.985667684262
0.522000  0.985667169724
0.523000  0.985668192100
0.524000  0.985669225635
0.525000  0.985667684262
0.526000  0.985667169724
0.527000  0.985668192100
0.528000  0.985669225635
0.529000  0.985667684262
0.530000  0.985667169724
0.531000  0.985668192100
0.532000  0.985669225635
0.533000  0.985667684262
0.534000  0.985667169724
0.535000  0.985668192100
0.536000  0.985669225635
0.537000  0.985667684262
0.538000  0.985667169724
0.539000  0.985668192100
0.540000  0.985669225635
0.541000  0.985667684262
0.542000  0.985667169724
0.543000  0.985668192100
0.544000  0.985669225635
0.545000  0.985667684262
0.546000  0.985667169724
0.547000  0.985668192100
0.548000  0.985669225635
0.549000  0.985667684262
0.550000  0.985667169724
0.551000  0.985668192100
0.552000  0.985669225635
0.553000  0.985667684262
0.554000  0.985667169724
0.555000  0.985668192100
0.556000  0.985669225635
0.557000  0.985667684262
0.558000  0.985667169724
0.559000  0.985668192100
0.560000  0.985669225635
0.561000  0.985667684262
0.562000  0.985667169724
0.563000  0.985668192100
0.564000  0.985669225635
0.565000  0.985667684262
0.566000  0.985667169724
0.567000  0.985668192100
0.568000  0.985669225635
0.569000  0.985667684262
0.570000  0.985667169724
0.571000  0.985668192100
0.572000  0.985669225635
0.573000  0.985667684262
0.574000  0.985667169724
0.575000  0.985668192100
0.576000  0.985669225635
0.577000  0.985667684262
0.578000  0.985667169724
0.579000  0.985668192100
0.580000  0.985669225635
0.581000  0.985667684262
0.582000  0.985667169724
0.583000  0.985668192100
0.584000  0.985669225635
0.585000  0.985667684262
0.586000  0.985667169724
0.587000  0.985668192100
0.588000  0.985669225635
0.589000  0.985667684262
0.590000  0.985667169724
0.591000  0.985668192100
0.592000  0.985669225635
0.593000  0.985667684262
0.594000  0.985667169724
0.595000  0.985668192100
0.596000  0.985669225635
0.597000  0.985667684262
0.598000  0.985667169724
0.599000  0.985668192100
0.600000  0.985669225635
0.601000  0.985667684262
0.602000  0.985667169724
0.603000  0.985668192100
0.604000  0.985669225635
0.605000  0.985667684262
0.606000  0.985667169724
0.607000  0.985668192100
0.608000  0.985669225635
0.609000  0.985667684262
0.610000  0.985667169724
0.611000  0.985668192100
0.612000  0.985669225635
0.613000  0.985667684262
0.614000  0.985667169724
0.615000  0.985668192100
0.616000  0.985669225635
0.617000  0.985667684262
0.618000  0.985667169724
0.619000  0.985668192100
0.620000  0.985669225635
0.621000  0.985667684262
0.622000  0.985667169724
0.623000  0.985668192100
0.624000  0.985669225635
0.625000  0.985667684262
0.626000  0.985667169724
0.627000  0.985668192100
0.628000  0.985669225635
0.629000  0.985667684262
0.630000  0.985667169724
0.631000  0.985668192100
0.632000  0.985669225635
0.633000  0.985667684262
0.634000  0.985667169724
0.635000  0.985668192100
0.636000  0.985669225635
0.637000  0.985667684262
0.638000  0.985667169724
0.639000  0.985668192100
0.640000  0.985669225635
0.641000  0.985667684262
0.642000  0.985667169724
0.643000  0.985668192100
0.644000  0.985669225635
0.645000  0.985667684262
0.646000  0.985667169724
0.647000  0.985668192100
0.648000  0.985669225635
0.649000  0.985667684262
0.650000  0.985667169724
0.651000  0.985668192100
0.652000  0.985669225635
0.653000  0.985667684262
0.654000  0.985667169724
0.655000  0.985668192100
0.656000  0.985669225635
0.657000  0.985667684262
0.658000  0.985667169724
0.659000  0.985668192100
0.660000  0.985669225635
0.661000  0.985667684262
0.662000  0.985667169724
0.663000  0.985668192100
0.664000  0.985669225635
0.665000  0.985667684262
0.666000  0.985667169724
0.667000  0.985668192100
0.668000  0.985669225635
0.669000  0.985667684262
0.670000  0.985667169724
0.671000  0.985668192100
0.672000  0.985669225635
0.673000  0.985667684262
0.674000  0.985667169724
0.675000  0.985668192100
0.676000  0.985669225635
0.677000  0.985667684262
0.678000  0.985667169724
0.679000  0.985668192100
0.680000  0.985669225635
0.681000  0.985667684262
0.682000  0.985667169724
0.683000  0.985668192100
0.684000  0.985669225635
0.685000  0.985667684262
0.686000  0.985667169724
0.687000  0.985668192100
0.688000  0.985669225635
0.689000  0.985667684262
0.690000  0.985667169724
0.691000  0.985668192100
0.692000  0.985669225635
0.693000  0.985667684262
0.694000  0.985667169724
0.695000  0.985668192100
0.696000  0.985669225635
0.697000  0.985667684262
0.698000  0.985667169724
0.699000  0.985668192100
0.700000  0.985669225635
0.701000  0.985667684262
0.702000  0.985667169724
0.703000  0.985668192100
0.704000  0.985669225635
0.705000  0.985667684262
0.706000  0.985667169724
0.707000  0.985668192100
0.708000  0.985669225635
0.709000  0.985667684262
0.710000  0.985667169724
0.711000  0.985668192100
0.712000  0.985669225635
0.713000  0.985667684262
0.714000  0.985667169724
0.715000  0.985668192100
0.716000  0.985669225635
0.717000  0.985667684262
0.718000  0.985667169724
0.719000  0.985668192100
0.720000  0.985669225635
0.721000  0.985667684262
0.722000  0.985667169724
0.723000  0.985668192100
0.724000  0.985669225635
0.725000  0.985667684262
0.726000  0.985667169724
0.727000  0.985668192100
0.728000  0.985669225635
0.729000  0.985667684262
0.730000  0.985667169724
0.731000  0.985668192100
0.732000  0.985669225635
0.733000  0.985667684262
0.734000  0.985667169724
0.735000  0.985668192100
0.736000  0.985669225635
0.737000  0.985667684262
0.738000  0.985667169724
0.739000  0.985668192100
0.740000  0.985669225635
0.741000  0.985667684262
0.742000  0.985667169724
0.743000  0.985668192100
0.744000  0.985669225635
0.745000  0.985667684262
0.746000  0.985667169724
0.747000  0.985668192100
0.748000  0.985669225635
0.749000  0.985667684262
0.750000  0.985667169724
0.751000  0.985668192100
0.752000  0.985669225635
0.753000  0.985667684262
0.754000  0.985667169724
0.755000  0.985668192100
0.756000  0.985669225635
0.757000  0.985667684262
0.758000  0.985667169724
0.759000  0.985668192100
0.760000  0.985669225635
0.761000  0.985667684262
0.762000  0.985667169724
0.763000  0.985668192100
0.764000  0.985669225635
0.765000  0.985667684262
0.766000  0.985667169724
0.767000  0.985668192100
0.768000  0.985669225635
0.769000  0.985667684262
0.770000  0.985667169724
0.771000  0.985668192100
0.772000  0.985669225635
0.773000  0.985667684262
0.774000  0.985667169724
0.775000  0.985668192100
0.776000  0.985669225635
0.777000  0.985667684262
0.778000  0.985667169724
0.779000  0.985668192100
0.780000  0.985669225635
0.781000  0.985667684262
0.782000  0.985667169724
0.783000  0.985668192100
0.784000  0.985669225635
0.785000  0.985667684262
0.786000  0.985667169724
0.787000  0.985668192100
0.788000  0.985669225635
0.789000  0.985667684262
0.790000  0.985667169724
0.791000  0.985668192100
0.792000  0.985669225635
0.793000  0.985667684262
0.794000  0.985667169724
0.795000  0.985668192100
0.796000  0.985669225635
0.797000  0.985667684262
0.798000  0.985667169724
0.799000  0.985668192100
0.800000  0.985669225636
0.801000  0.985667684262
0.802000  0.985667169724
0.803000  0.985668192100
0.804000  0.985669225636
0.805000  0.985667684262
0.806000  0.985667169725
0.807000  0.985668192101
0.808000  0.985669225636
0.809000  0.985667684263
0.810000  0.985667169725
0.811000  0.985668192102
0.812000  0.985669225637
0.813000  0.985667684264
0.814000  0.985667169727
0.815000  0.985668192104
0.816000  0.985669225640
0.817000  0.985667684267
0.818000  0.985667169730
0.819000  0.985668192108
0.820000  0.985669225645
0.821000  0.985667684273
0.822000  0.985667169738
0.823000  0.985668192117
0.824000  0.985669225655
0.825000  0.985667684286
0.826000  0.985667169753
0.827000  0.985668192135
0.828000  0.985669225678
0.829000  0.985667684313
0.830000  0.985667169786
0.831000  0.985668192174
0.832000  0.985669225724
0.833000  0.985667684368
0.834000  0.985667169852
0.835000  0.985668192253
0.836000  0.985669225819
0.837000  0.985667684481
0.838000  0.985667169986
0.839000  0.985668192413
0.840000  0.985669226008
0.841000  0.985667684706
0.842000  0.985667170253
0.843000  0.985668192728
0.844000  0.985669226382
0.845000  0.985667685148
0.846000  0.985667170776
0.847000  0.985668193346
0.848000  0.985669227111
0.849000  0.985667686007
0.850000  0.985667171787
0.851000  0.985668194537
0.852000  0.985669228510
0.853000  0.985667687651
0.854000  0.985667173716
0.855000  0.985668196798
0.856000  0.985669231159
0.857000  0.985667690751
0.858000  0.985667177340
0.859000  0.985668201032
0.860000  0.985669236100
0.861000  0.985667696513
0.862000  0.985667184054
0.863000  0.985668208846
0.864000  0.985669245188
0.865000  0.985667707072
0.866000  0.985667196311
0.867000  0.985668223063
0.868000  0.985669261662
0.869000  0.985667726146
0.870000  0.985667218373
0.871000  0.985668248560
0.872000  0.985669291102
0.873000  0.985667760108
0.874000  0.985667257516
0.875000  0.985668293636
0.876000  0.985669342961
0.877000  0.985667819720
0.878000  0.985667325977
0.879000  0.985668372193
0.880000  0.985669433017
0.881000  0.985667922872
0.882000  0.985667444018
0.883000  0.985668507158
0.884000  0.985669587189
0.885000  0.985668098835
0.886000  0.985667644665
0.887000  0.985668735760
0.888000  0.985669847398
0.889000  0.985668394769
0.890000  0.985667980917
0.891000  0.985669117503
0.892000  0.985670280383
0.893000  0.985668885462
0.894000  0.985668536494
0.895000  0.985669746018
0.896000  0.985670990754
0.897000  0.985669687675
0.898000  0.985669441588
0.899000  0.985670766340
0.900000  0.985672139911
0.901000  0.985670980853
0.902000  0.985670895500
0.903000  0.985672399614
0.904000  0.985673972988
0.905000  0.985673036464
0.906000  0.985673198553
0.907000  0.985674977774
0.908000  0.985676856475
0.909000  0.985676258773
0.910000  0.985676796219
0.911000  0.985678991240
0.912000  0.985681329721
0.913000  0.985681240373
0.914000  0.985682338924
0.915000  0.985685153244
0.916000  0.985688174018
0.917000  0.985688836305
0.918000  0.985690761451
0.919000  0.985694484791
0.920000  0.985698503391
0.921000  0.985700260937
0.922000  0.985703386182
0.923000  0.985708424534
0.924000  0.985713881363
0.925000  0.985717211894
0.926000  0.985722054441
0.927000  0.985728967777
0.928000  0.985736467861
0.929000  0.985742025086
0.930000  0.985749289846
0.931000  0.985758838376
0.932000  0.985769199804
0.933000  0.985777864169
0.934000  0.985788496764
0.935000  0.985801696274
0.936000  0.985816007823
0.937000  0.985828946468
0.938000  0.985844195441
0.939000  0.985862381842
0.940000  0.985882069693
0.941000  0.985900805431
0.942000  0.985922293301
0.943000  0.985947195818
0.944000  0.985974098666
0.945000  0.986000587043
0.946000  0.986030389061
0.947000  0.986064210731
0.948000  0.986100661706
0.949000  0.986137374347
0.950000  0.986178102937
0.951000  0.986223606143
0.952000  0.986272519023
0.953000  0.986322530516
0.954000  0.986377422386
0.955000  0.986438016173
0.956000  0.986502972411
0.957000  0.986570046976
0.958000  0.986643048918
0.959000  0.986722873887
0.960000  0.986808205991
0.961000  0.986896879303
0.962000  0.986992727846
0.963000  0.987096733589
0.964000  0.987207599685
0.965000  0.987323250480
0.966000  0.987447539906
0.967000  0.987581549384
0.968000  0.987723993256
0.969000  0.987872898989
0.970000  0.988032131932
0.971000  0.988202887015
0.972000  0.988383877876
0.973000  0.988573248713
0.974000  0.988774863728
0.975000  0.988990046384
0.976000  0.989217493024
0.977000  0.989455479003
0.978000  0.989707850164
0.979000  0.989976074616
0.980000  0.990258809544
0.981000  0.990554476848
0.982000  0.990866881682
0.983000  0.991197654229
0.984000  0.991545384936
0.985000  0.991908658845
0.986000  0.992291212669
0.987000  0.992694857723
0.988000  0.993118084177
0.989000  0.993559658356
0.990000  0.994023215256
0.991000  0.994510768452
0.992000  0.995020668245
0.993000  0.995551882501
0.994000  0.996107905484
0.995000  0.996690977773
0.996000  0.997299260144
0.997000  0.997931954527
0.998000  0.998592313322
0.999000  0.999282883606
1.000000  1.000000908667
