0.000000  1.001393311376
0.020000  1.001393311957
0.040000  1.001393311957
0.060000  1.001393311957
0.080000  1.001393311956
0.100000  1.001393311940
0.120000  1.001393311592
0.140000  1.001393303903
0.160000  1.001393134369
0.180000  1.001389395976
0.200000  1.001306961325
0.220000  0.999489216729
0.240000  0.999406782078
0.260000  0.999403043685
0.280000  0.999402874151
0.300000  0.999402866462
0.320000  0.999402866114
0.340000  0.999402866098
0.360000  0.999402866097
0.380000  0.999402866097
0.400000  0.999402866097
0.420000  0.999402866097
0.440000  0.999402866097
0.460000  0.999402866097
0.480000  0.999402866097
0.500000  0.999402866097
0.520000  0.999402866097
0.540000  0.999402866097
0.560000  0.999402866097
0.580000  0.999402866097
0.600000  0.999402866097
0.620000  0.999402866097
0.640000  0.999402866097
0.660000  0.999402866097
0.680000  0.999402866097
0.700000  0.999402866097
0.720000  0.999402866097
0.740000  0.999402866097
0.760000  0.999402866097
0.780000  0.999402866097
0.800000  0.999402866097
0.820000  0.999402866097
0.840000  0.999402866097
0.860000  0.999402866098
0.880000  0.999402866103
0.900000  0.999402866216
0.920000  0.999402868700
0.940000  0.999402923075
0.960000  0.999404113101
0.980000  0.999430155236
1.000000  1.000000000000
