0.000000  1.000351851949
0.001000  1.000352527503
0.002000  1.000354896095
0.003000  1.000364250295
0.004000  1.000348672284
0.005000  1.000352217473
0.006000  1.000348852116
0.007000  1.000348225665
0.008000  1.000350203970
0.009000  1.000350017302
0.010000  1.000350157043
0.011000  1.000349929209
0.012000  1.000349771028
0.013000  1.000349485901
0.014000  1.000349690892
0.015000  1.000350010995
0.016000  1.000350420727
0.017000  1.000350435550
0.018000  1.000350226368
0.019000  1.000350092887
0.020000  1.000349843291
0.021000  1.000349537807
0.022000  1.000349707440
0.023000  1.000350040713
0.024000  1.000350430041
0.025000  1.000350443233
0.026000  1.000350228264
0.027000  1.000350094647
0.028000  1.000349844052
0.029000  1.000349538388
0.030000  1.000349707533
0.031000  1.000350040827
0.032000  1.000350430102
0.033000  1.000350443289
0.034000  1.000350228283
0.035000  1.000350094640
0.036000  1.000349844052
0.037000  1.000349538389
0.038000  1.000349707533
0.039000  1.000350040825
0.040000  1.000350430101
0.041000  1.000350443289
0.042000  1.000350228284
0.043000  1.000350094640
0.044000  1.000349844052
0.045000  1.000349538389
0.046000  1.000349707533
0.047000  1.000350040825
0.048000  1.000350430101
0.049000  1.000350443289
0.050000  1.000350228284
0.051000  1.000350094640
0.052000  1.000349844052
0.053000  1.000349538389
0.054000  1.000349707533
0.055000  1.000350040825
0.056000  1.000350430101
0.057000  1.000350443289
0.058000  1.000350228284
0.059000  1.000350094640
0.060000  1.000349844052
0.061000  1.000349538389
0.062000  1.000349707533
0.063000  1.000350040825
0.064000  1.000350430101
0.065000  1.000350443289
0.066000  1.000350228284
0.067000  1.000350094640
0.068000  1.000349844052
0.069000  1.000349538389
0.070000  1.000349707533
0.071000  1.000350040825
0.072000  1.000350430101
0.073000  1.000350443289
0.074000  1.000350228284
0.075000  1.000350094640
0.076000  1.000349844052
0.077000  1.000349538389
0.078000  1.000349707533
0.079000  1.000350040825
0.080000  1.000350430101
0.081000  1.000350443289
0.082000  1.000350228284
0.083000  1.000350094640
0.084000  1.000349844052
0.085000  1.000349538389
0.086000  1.000349707533
0.087000  1.000350040825
0.088000  1.000350430101
0.089000  1.000350443289
0.090000  1.000350228284
0.091000  1.000350094640
0.092000  1.000349844052
0.093000  1.000349538389
0.094000  1.000349707533
0.095000  1.000350040825
0.096000  1.000350430101
0.097000  1.000350443289
0.098000  1.000350228284
0.099000  1.000350094640
0.100000  1.000349844052
0.101000  1.000349538389
0.102000  1.000349707533
0.103000  1.000350040825
0.104000  1.000350430101
0.105000  1.000350443289
0.106000  1.000350228284
0.107000  1.000350094640
0.108000  1.000349844052
0.109000  1.000349538389
0.110000  1.000349707533
0.111000  1.000350040825
0.112000  1.000350430101
0.113000  1.000350443289
0.114000  1.000350228284
0.115000  1.000350094640
0.116000  1.000349844052
0.117000  1.000349538389
0.118000  1.000349707533
0.119000  1.000350040825
0.120000  1.000350430101
0.121000  1.000350443289
0.122000  1.000350228284
0.123000  1.000350094640
0.124000  1.000349844052
0.125000  1.000349538389
0.126000  1.000349707533
0.127000  1.000350040825
0.128000  1.000350430101
0.129000  1.000350443289
0.130000  1.000350228284
0.131000  1.000350094640
0.132000  1.000349844052
0.133000  1.000349538389
0.134000  1.000349707533
0.135000  1.000350040825
0.136000  1.000350430101
0.137000  1.000350443289
0.138000  1.000350228284
0.139000  1.000350094640
0.140000  1.000349844052
0.141000  1.000349538389
0.142000  1.000349707533
0.143000  1.000350040825
0.144000  1.000350430101
0.145000  1.000350443289
0.146000  1.000350228284
0.147000  1.000350094640
0.148000  1.000349844052
0.149000  1.000349538389
0.150000  1.000349707533
0.151000  1.000350040825
0.152000  1.000350430100
0.153000  1.000350443289
0.154000  1.000350228283
0.155000  1.000350094639
0.156000  1.000349844051
0.157000  1.000349538388
0.158000  1.000349707531
0.159000  1.000350040822
0.160000  1.000350430097
0.161000  1.000350443283
0.162000  1.000350228274
0.163000  1.000350094625
0.164000  1.000349844029
0.165000  1.000349538354
0.166000  1.000349707478
0.167000  1.000350040739
0.168000  1.000350429967
0.169000  1.000350443081
0.170000  1.000350227959
0.171000  1.000350094134
0.172000  1.000349843264
0.173000  1.000349537162
0.174000  1.000349705619
0.175000  1.000350037843
0.176000  1.000350425454
0.177000  1.000350436048
0.178000  1.000350217001
0.179000  1.000350077057
0.180000  1.000349816653
0.181000  1.000349495693
0.182000  1.000349640997
0.183000  1.000349937140
0.184000  1.000350268526
0.185000  1.000350191503
0.186000  1.000349835919
0.187000  1.000349483207
0.188000  1.000348891241
0.189000  1.000348053599
0.190000  1.000347393743
0.191000  1.000346435193
0.192000  1.000344811337
0.193000  1.000341687440
0.194000  1.000336583764
0.195000  1.000328832100
0.196000  1.000316709830
0.197000  1.000297904557
0.198000  1.000269244238
0.199000  1.000224653036
0.200000  1.000155031304
0.201000  1.000045946879
0.202000  0.999975721930
0.203000  0.999930661354
0.204000  0.999901583359
0.205000  0.999882777658
0.206000  0.999871075396
0.207000  0.999863789953
0.208000  0.999859290719
0.209000  0.999856166761
0.210000  0.999853938781
0.211000  0.999852513297
0.212000  0.999851433857
0.213000  0.999850596370
0.214000  0.999850424056
0.215000  0.999850538107
0.216000  0.999850786614
0.217000  0.999850709583
0.218000  0.999850436796
0.219000  0.999850266070
0.220000  0.999849991768
0.221000  0.999849670961
0.222000  0.999849830203
0.223000  0.999850157029
0.224000  0.999850542067
0.225000  0.999850552655
0.226000  0.999850336092
0.227000  0.999850201447
0.228000  0.999849950299
0.229000  0.999849644349
0.230000  0.999849813126
0.231000  0.999850146070
0.232000  0.999850535035
0.233000  0.999850548142
0.234000  0.999850333196
0.235000  0.999850199589
0.236000  0.999849949106
0.237000  0.999849643584
0.238000  0.999849812635
0.239000  0.999850145755
0.240000  0.999850534833
0.241000  0.999850548012
0.242000  0.999850333113
0.243000  0.999850199535
0.244000  0.999849949072
0.245000  0.999849643562
0.246000  0.999849812621
0.247000  0.999850145746
0.248000  0.999850534827
0.249000  0.999850548009
0.250000  0.999850333111
0.251000  0.999850199534
0.252000  0.999849949071
0.253000  0.999849643561
0.254000  0.999849812620
0.255000  0.999850145746
0.256000  0.999850534827
0.257000  0.999850548009
0.258000  0.999850333111
0.259000  0.999850199534
0.260000  0.999849949071
0.261000  0.999849643561
0.262000  0.999849812620
0.263000  0.999850145746
0.264000  0.999850534827
0.265000  0.999850548009
0.266000  0.999850333111
0.267000  0.999850199534
0.268000  0.999849949071
0.269000  0.999849643561
0.270000  0.999849812620
0.271000  0.999850145746
0.272000  0.999850534827
0.273000  0.999850548009
0.274000  0.999850333111
0.275000  0.999850199534
0.276000  0.999849949071
0.277000  0.999849643561
0.278000  0.999849812620
0.279000  0.999850145746
0.280000  0.999850534827
0.281000  0.999850548009
0.282000  0.999850333111
0.283000  0.999850199534
0.284000  0.999849949071
0.285000  0.999849643561
0.286000  0.999849812620
0.287000  0.999850145746
0.288000  0.999850534827
0.289000  0.999850548009
0.290000  0.999850333111
0.291000  0.999850199534
0.292000  0.999849949071
0.293000  0.999849643561
0.294000  0.999849812620
0.295000  0.999850145746
0.296000  0.999850534827
0.297000  0.999850548009
0.298000  0.999850333111
0.299000  0.999850199534
0.300000  0.999849949071
0.301000  0.999849643561
0.302000  0.999849812620
0.303000  0.999850145746
0.304000  0.999850534827
0.305000  0.999850548009
0.306000  0.999850333111
0.307000  0.999850199534
0.308000  0.999849949071
0.309000  0.999849643561
0.310000  0.999849812620
0.311000  0.999850145746
0.312000  0.999850534827
0.313000  0.999850548009
0.314000  0.999850333111
0.315000  0.999850199534
0.316000  0.999849949071
0.317000  0.999849643561
0.318000  0.999849812620
0.319000  0.999850145746
0.320000  0.999850534827
0.321000  0.999850548009
0.322000  0.999850333111
0.323000  0.999850199534
0.324000  0.999849949071
0.325000  0.999849643561
0.326000  0.999849812620
0.327000  0.999850145746
0.328000  0.999850534827
0.329000  0.999850548009
0.330000  0.999850333111
0.331000  0.999850199534
0.332000  0.999849949071
0.333000  0.999849643561
0.334000  0.999849812620
0.335000  0.999850145746
0.336000  0.999850534827
0.337000  0.999850548009
0.338000  0.999850333111
0.339000  0.999850199534
0.340000  0.999849949071
0.341000  0.999849643561
0.342000  0.999849812620
0.343000  0.999850145746
0.344000  0.999850534827
0.345000  0.999850548009
0.346000  0.999850333111
0.347000  0.999850199534
0.348000  0.999849949071
0.349000  0.999849643561
0.350000  0.999849812620
0.351000  0.999850145746
0.352000  0.999850534827
0.353000  0.999850548009
0.354000  0.999850333111
0.355000  0.999850199534
0.356000  0.999849949071
0.357000  0.999849643561
0.358000  0.999849812620
0.359000  0.999850145746
0.360000  0.999850534827
0.361000  0.999850548009
0.362000  0.999850333111
0.363000  0.999850199534
0.364000  0.999849949071
0.365000  0.999849643561
0.366000  0.999849812620
0.367000  0.999850145746
0.368000  0.999850534827
0.369000  0.999850548009
0.370000  0.999850333111
0.371000  0.999850199534
0.372000  0.999849949071
0.373000  0.999849643561
0.374000  0.999849812620
0.375000  0.999850145746
0.376000  0.999850534827
0.377000  0.999850548009
0.378000  0.999850333111
0.379000  0.999850199534
0.380000  0.999849949071
0.381000  0.999849643561
0.382000  0.999849812620
0.383000  0.999850145746
0.384000  0.999850534827
0.385000  0.999850548009
0.386000  0.999850333111
0.387000  0.999850199534
0.388000  0.999849949071
0.389000  0.999849643561
0.390000  0.999849812620
0.391000  0.999850145746
0.392000  0.999850534827
0.393000  0.999850548009
0.394000  0.999850333111
0.395000  0.999850199534
0.396000  0.999849949071
0.397000  0.999849643561
0.398000  0.999849812620
0.399000  0.999850145746
0.400000  0.999850534827
0.401000  0.999850548009
0.402000  0.999850333111
0.403000  0.999850199534
0.404000  0.999849949071
0.405000  0.999849643561
0.406000  0.999849812620
0.407000  0.999850145746
0.408000  0.999850534827
0.409000  0.999850548009
0.410000  0.999850333111
0.411000  0.999850199534
0.412000  0.999849949071
0.413000  0.999849643561
0.414000  0.999849812620
0.415000  0.999850145746
0.416000  0.999850534827
0.417000  0.999850548009
0.418000  0.999850333111
0.419000  0.999850199534
0.420000  0.999849949071
0.421000  0.999849643561
0.422000  0.999849812620
0.423000  0.999850145746
0.424000  0.999850534827
0.425000  0.999850548009
0.426000  0.999850333111
0.427000  0.999850199534
0.428000  0.999849949071
0.429000  0.999849643561
0.430000  0.999849812620
0.431000  0.999850145746
0.432000  0.999850534827
0.433000  0.999850548009
0.434000  0.999850333111
0.435000  0.999850199534
0.436000  0.999849949071
0.437000  0.999849643561
0.438000  0.999849812620
0.439000  0.999850145746
0.440000  0.999850534827
0.441000  0.999850548009
0.442000  0.999850333111
0.443000  0.999850199534
0.444000  0.999849949071
0.445000  0.999849643561
0.446000  0.999849812620
0.447000  0.999850145746
0.448000  0.999850534827
0.449000  0.999850548009
0.450000  0.999850333111
0.451000  0.999850199534
0.452000  0.999849949071
0.453000  0.999849643561
0.454000  0.999849812620
0.455000  0.999850145746
0.456000  0.999850534827
0.457000  0.999850548009
0.458000  0.999850333111
0.459000  0.999850199534
0.460000  0.999849949071
0.461000  0.999849643561
0.462000  0.999849812620
0.463000  0.999850145746
0.464000  0.999850534827
0.465000  0.999850548009
0.466000  0.999850333111
0.467000  0.999850199534
0.468000  0.999849949071
0.469000  0.999849643561
0.470000  0.999849812620
0.471000  0.999850145746
0.472000  0.999850534827
0.473000  0.999850548009
0.474000  0.999850333111
0.475000  0.999850199534
0.476000  0.999849949071
0.477000  0.999849643561
0.478000  0.999849812620
0.479000  0.999850145746
0.480000  0.999850534827
0.481000  0.999850548009
0.482000  0.999850333111
0.483000  0.999850199534
0.484000  0.999849949071
0.485000  0.999849643561
0.486000  0.999849812620
0.487000  0.999850145746
0.488000  0.999850534827
0.489000  0.999850548009
0.490000  0.999850333111
0.491000  0.999850199534
0.492000  0.999849949071
0.493000  0.999849643561
0.494000  0.999849812620
0.495000  0.999850145746
0.496000  0.999850534827
0.497000  0.999850548009
0.498000  0.999850333111
0.499000  0.999850199534
0.500000  0.999849949071
0.501000  0.999849643561
0.502000  0.999849812620
0.503000  0.999850145746
0.504000  0.999850534827
0.505000  0.999850548009
0.506000  0.999850333111
0.507000  0.999850199534
0.508000  0.999849949071
0.509000  0.999849643561
0.510000  0.999849812620
0.511000  0.999850145746
0.512000  0.999850534827
0.513000  0.999850548009
0.514000  0.999850333111
0.515000  0.999850199534
0.516000  0.999849949071
0.517000  0.999849643561
0.518000  0.999849812620
0.519000  0.999850145746
0.520000  0.999850534827
0.521000  0.999850548009
0.522000  0.999850333111
0.523000  0.999850199534
0.524000  0.999849949071
0.525000  0.999849643561
0.526000  0.999849812620
0.527000  0.999850145746
0.528000  0.999850534827
0.529000  0.999850548009
0.530000  0.999850333111
0.531000  0.999850199534
0.532000  0.999849949071
0.533000  0.999849643561
0.534000  0.999849812620
0.535000  0.999850145746
0.536000  0.999850534827
0.537000  0.999850548009
0.538000  0.999850333111
0.539000  0.999850199534
0.540000  0.999849949071
0.541000  0.999849643561
0.542000  0.999849812620
0.543000  0.999850145746
0.544000  0.999850534827
0.545000  0.999850548009
0.546000  0.999850333111
0.547000  0.999850199534
0.548000  0.999849949071
0.549000  0.999849643561
0.550000  0.999849812620
0.551000  0.999850145746
0.552000  0.999850534827
0.553000  0.999850548009
0.554000  0.999850333111
0.555000  0.999850199534
0.556000  0.999849949071
0.557000  0.999849643561
0.558000  0.999849812620
0.559000  0.999850145746
0.560000  0.999850534827
0.561000  0.999850548009
0.562000  0.999850333111
0.563000  0.999850199534
0.564000  0.999849949071
0.565000  0.999849643561
0.566000  0.999849812620
0.567000  0.999850145746
0.568000  0.999850534827
0.569000  0.999850548009
0.570000  0.999850333111
0.571000  0.999850199534
0.572000  0.999849949071
0.573000  0.999849643561
0.574000  0.999849812620
0.575000  0.999850145746
0.576000  0.999850534827
0.577000  0.999850548009
0.578000  0.999850333111
0.579000  0.999850199534
0.580000  0.999849949071
0.581000  0.999849643561
0.582000  0.999849812620
0.583000  0.999850145746
0.584000  0.999850534827
0.585000  0.999850548009
0.586000  0.999850333111
0.587000  0.999850199534
0.588000  0.999849949071
0.589000  0.999849643561
0.590000  0.999849812620
0.591000  0.999850145746
0.592000  0.999850534827
0.593000  0.999850548009
0.594000  0.999850333111
0.595000  0.999850199534
0.596000  0.999849949071
0.597000  0.999849643561
0.598000  0.999849812620
0.599000  0.999850145746
0.600000  0.999850534827
0.601000  0.999850548009
0.602000  0.999850333111
0.603000  0.999850199534
0.604000  0.999849949071
0.605000  0.999849643561
0.606000  0.999849812620
0.607000  0.999850145746
0.608000  0.999850534827
0.609000  0.999850548009
0.610000  0.999850333111
0.611000  0.999850199534
0.612000  0.999849949071
0.613000  0.999849643561
0.614000  0.999849812620
0.615000  0.999850145746
0.616000  0.999850534827
0.617000  0.999850548009
0.618000  0.999850333111
0.619000  0.999850199534
0.620000  0.999849949071
0.621000  0.999849643561
0.622000  0.999849812620
0.623000  0.999850145746
0.624000  0.999850534827
0.625000  0.999850548009
0.626000  0.999850333111
0.627000  0.999850199534
0.628000  0.999849949071
0.629000  0.999849643561
0.630000  0.999849812620
0.631000  0.999850145746
0.632000  0.999850534827
0.633000  0.999850548009
0.634000  0.999850333111
0.635000  0.999850199534
0.636000  0.999849949071
0.637000  0.999849643561
0.638000  0.999849812620
0.639000  0.999850145746
0.640000  0.999850534827
0.641000  0.999850548009
0.642000  0.999850333111
0.643000  0.999850199534
0.644000  0.999849949071
0.645000  0.999849643561
0.646000  0.999849812620
0.647000  0.999850145746
0.648000  0.999850534827
0.649000  0.999850548009
0.650000  0.999850333111
0.651000  0.999850199534
0.652000  0.999849949071
0.653000  0.999849643561
0.654000  0.999849812620
0.655000  0.999850145746
0.656000  0.999850534827
0.657000  0.999850548009
0.658000  0.999850333111
0.659000  0.999850199534
0.660000  0.999849949071
0.661000  0.999849643561
0.662000  0.999849812620
0.663000  0.999850145746
0.664000  0.999850534827
0.665000  0.999850548009
0.666000  0.999850333111
0.667000  0.999850199534
0.668000  0.999849949071
0.669000  0.999849643561
0.670000  0.999849812620
0.671000  0.999850145746
0.672000  0.999850534827
0.673000  0.999850548009
0.674000  0.999850333111
0.675000  0.999850199534
0.676000  0.999849949071
0.677000  0.999849643561
0.678000  0.999849812620
0.679000  0.999850145746
0.680000  0.999850534827
0.681000  0.999850548009
0.682000  0.999850333111
0.683000  0.999850199534
0.684000  0.999849949071
0.685000  0.999849643561
0.686000  0.999849812620
0.687000  0.999850145746
0.688000  0.999850534827
0.689000  0.999850548009
0.690000  0.999850333111
0.691000  0.999850199534
0.692000  0.999849949071
0.693000  0.999849643561
0.694000  0.999849812620
0.695000  0.999850145746
0.696000  0.999850534827
0.697000  0.999850548009
0.698000  0.999850333111
0.699000  0.999850199534
0.700000  0.999849949071
0.701000  0.999849643561
0.702000  0.999849812620
0.703000  0.999850145746
0.704000  0.999850534827
0.705000  0.999850548009
0.706000  0.999850333111
0.707000  0.999850199534
0.708000  0.999849949071
0.709000  0.999849643561
0.710000  0.999849812620
0.711000  0.999850145746
0.712000  0.999850534827
0.713000  0.999850548009
0.714000  0.999850333111
0.715000  0.999850199534
0.716000  0.999849949071
0.717000  0.999849643561
0.718000  0.999849812620
0.719000  0.999850145746
0.720000  0.999850534827
0.721000  0.999850548009
0.722000  0.999850333111
0.723000  0.999850199534
0.724000  0.999849949071
0.725000  0.999849643561
0.726000  0.999849812620
0.727000  0.999850145746
0.728000  0.999850534827
0.729000  0.999850548009
0.730000  0.999850333111
0.731000  0.999850199534
0.732000  0.999849949071
0.733000  0.999849643561
0.734000  0.999849812620
0.735000  0.999850145746
0.736000  0.999850534827
0.737000  0.999850548009
0.738000  0.999850333111
0.739000  0.999850199534
0.740000  0.999849949071
0.741000  0.999849643561
0.742000  0.999849812620
0.743000  0.999850145746
0.744000  0.999850534827
0.745000  0.999850548009
0.746000  0.999850333111
0.747000  0.999850199534
0.748000  0.999849949071
0.749000  0.999849643561
0.750000  0.999849812620
0.751000  0.999850145746
0.752000  0.999850534827
0.753000  0.999850548009
0.754000  0.999850333111
0.755000  0.999850199534
0.756000  0.999849949071
0.757000  0.999849643561
0.758000  0.999849812620
0.759000  0.999850145746
0.760000  0.999850534827
0.761000  0.999850548009
0.762000  0.999850333111
0.763000  0.999850199534
0.764000  0.999849949071
0.765000  0.999849643561
0.766000  0.999849812620
0.767000  0.999850145746
0.768000  0.999850534827
0.769000  0.999850548009
0.770000  0.999850333111
0.771000  0.999850199534
0.772000  0.999849949071
0.773000  0.999849643561
0.774000  0.999849812620
0.775000  0.999850145746
0.776000  0.999850534827
0.777000  0.999850548009
0.778000  0.999850333111
0.779000  0.999850199534
0.780000  0.999849949071
0.781000  0.999849643561
0.782000  0.999849812620
0.783000  0.999850145746
0.784000  0.999850534827
0.785000  0.999850548009
0.786000  0.999850333111
0.787000  0.999850199534
0.788000  0.999849949071
0.789000  0.999849643561
0.790000  0.999849812620
0.791000  0.999850145746
0.792000  0.999850534827
0.793000  0.999850548009
0.794000  0.999850333111
0.795000  0.999850199534
0.796000  0.999849949071
0.797000  0.999849643561
0.798000  0.999849812620
0.799000  0.999850145746
0.800000  0.999850534827
0.801000  0.999850548009
0.802000  0.999850333111
0.803000  0.999850199534
0.804000  0.999849949071
0.805000  0.999849643561
0.806000  0.999849812620
0.807000  0.999850145746
0.808000  0.999850534827
0.809000  0.999850548009
0.810000  0.999850333111
0.811000  0.999850199534
0.812000  0.999849949071
0.813000  0.999849643561
0.814000  0.999849812620
0.815000  0.999850145746
0.816000  0.999850534827
0.817000  0.999850548009
0.818000  0.999850333111
0.819000  0.999850199534
0.820000  0.999849949071
0.821000  0.999849643561
0.822000  0.999849812620
0.823000  0.999850145746
0.824000  0.999850534827
0.825000  0.999850548009
0.826000  0.999850333111
0.827000  0.999850199534
0.828000  0.999849949071
0.829000  0.999849643561
0.830000  0.999849812620
0.831000  0.999850145746
0.832000  0.999850534827
0.833000  0.999850548009
0.834000  0.999850333111
0.835000  0.999850199534
0.836000  0.999849949071
0.837000  0.999849643561
0.838000  0.999849812620
0.839000  0.999850145746
0.840000  0.999850534827
0.841000  0.999850548009
0.842000  0.999850333111
0.843000  0.999850199534
0.844000  0.999849949071
0.845000  0.999849643561
0.846000  0.999849812620
0.847000  0.999850145746
0.848000  0.999850534827
0.849000  0.999850548009
0.850000  0.999850333111
0.851000  0.999850199534
0.852000  0.999849949071
0.853000  0.999849643561
0.854000  0.999849812620
0.855000  0.999850145746
0.856000  0.999850534827
0.857000  0.999850548009
0.858000  0.999850333111
0.859000  0.999850199534
0.860000  0.999849949071
0.861000  0.999849643561
0.862000  0.999849812620
0.863000  0.999850145746
0.864000  0.999850534827
0.865000  0.999850548009
0.866000  0.999850333111
0.867000  0.999850199534
0.868000  0.999849949071
0.869000  0.999849643561
0.870000  0.999849812620
0.871000  0.999850145746
0.872000  0.999850534827
0.873000  0.999850548009
0.874000  0.999850333111
0.875000  0.999850199534
0.876000  0.999849949071
0.877000  0.999849643561
0.878000  0.999849812620
0.879000  0.999850145746
0.880000  0.999850534827
0.881000  0.999850548009
0.882000  0.999850333111
0.883000  0.999850199534
0.884000  0.999849949071
0.885000  0.999849643561
0.886000  0.999849812620
0.887000  0.999850145746
0.888000  0.999850534827
0.889000  0.999850548009
0.890000  0.999850333111
0.891000  0.999850199534
0.892000  0.999849949071
0.893000  0.999849643561
0.894000  0.999849812620
0.895000  0.999850145746
0.896000  0.999850534827
0.897000  0.999850548009
0.898000  0.999850333111
0.899000  0.999850199534
0.900000  0.999849949071
0.901000  0.999849643561
0.902000  0.999849812620
0.903000  0.999850145746
0.904000  0.999850534827
0.905000  0.999850548009
0.906000  0.999850333111
0.907000  0.999850199534
0.908000  0.999849949071
0.909000  0.999849643561
0.910000  0.999849812620
0.911000  0.999850145746
0.912000  0.999850534827
0.913000  0.999850548009
0.914000  0.999850333111
0.915000  0.999850199534
0.916000  0.999849949071
0.917000  0.999849643561
0.918000  0.999849812620
0.919000  0.999850145746
0.920000  0.999850534827
0.921000  0.999850548009
0.922000  0.999850333111
0.923000  0.999850199534
0.924000  0.999849949071
0.925000  0.999849643561
0.926000  0.999849812620
0.927000  0.999850145746
0.928000  0.999850534827
0.929000  0.999850548009
0.930000  0.999850333111
0.931000  0.999850199534
0.932000  0.999849949071
0.933000  0.999849643561
0.934000  0.999849812620
0.935000  0.999850145746
0.936000  0.999850534827
0.937000  0.999850548009
0.938000  0.999850333111
0.939000  0.999850199534
0.940000  0.999849949071
0.941000  0.999849643561
0.942000  0.999849812620
0.943000  0.999850145746
0.944000  0.999850534827
0.945000  0.999850548009
0.946000  0.999850333111
0.947000  0.999850199534
0.948000  0.999849949071
0.949000  0.999849643561
0.950000  0.999849812620
0.951000  0.999850145746
0.952000  0.999850534827
0.953000  0.999850548009
0.954000  0.999850333111
0.955000  0.999850199534
0.956000  0.999849949071
0.957000  0.999849643562
0.958000  0.999849812621
0.959000  0.999850145747
0.960000  0.999850534829
0.961000  0.999850548013
0.962000  0.999850333117
0.963000  0.999850199544
0.964000  0.999849949087
0.965000  0.999849643586
0.966000  0.999849812660
0.967000  0.999850145808
0.968000  0.999850534925
0.969000  0.999850548164
0.970000  0.999850333355
0.971000  0.999850199921
0.972000  0.999849949680
0.973000  0.999849644522
0.974000  0.999849814130
0.975000  0.999850148138
0.976000  0.999850538585
0.977000  0.999850553930
0.978000  0.999850342404
0.979000  0.999850214236
0.980000  0.999849972160
0.981000  0.999849679844
0.982000  0.999849869561
0.983000  0.999850235655
0.984000  0.999850676155
0.985000  0.999850769812
0.986000  0.999850681667
0.987000  0.999850750775
0.988000  0.999850816747
0.989000  0.999851012723
0.990000  0.999851971767
0.991000  0.999853586284
0.992000  0.999855965333
0.993000  0.999859186712
0.994000  0.999864002429
0.995000  0.999871781806
0.996000  0.999883695127
0.997000  0.999902148911
0.998000  0.999930295635
0.999000  0.999957379754
1.000000  1.000000000000
