0.000000  1.114787538202
0.002000  1.114785956639
0.004000  1.114828811883
0.006000  1.114858129733
0.008000  1.114879928919
0.010000  1.114907618605
0.012000  1.114927796513
0.014000  1.114953172985
0.016000  1.114971380123
0.018000  1.114990072884
0.020000  1.115002839990
0.022000  1.115020527481
0.024000  1.115031203081
0.026000  1.115042368640
0.028000  1.115047607178
0.030000  1.115057722613
0.032000  1.115060743057
0.034000  1.115064131577
0.036000  1.115061427505
0.038000  1.115063391905
0.040000  1.115058005336
0.042000  1.115052682438
0.044000  1.115040911171
0.046000  1.115033397884
0.048000  1.115018067061
0.050000  1.115002271618
0.052000  1.114979437873
0.054000  1.114960202180
0.056000  1.114932421706
0.058000  1.114903370756
0.060000  1.114866400900
0.062000  1.114832059333
0.064000  1.114788121912
0.066000  1.114741763375
0.068000  1.114686244601
0.070000  1.114632000072
0.072000  1.114566707697
0.074000  1.114497417175
0.076000  1.114417280041
0.078000  1.114336589648
0.080000  1.114242906976
0.082000  1.114143126279
0.084000  1.114030268717
0.086000  1.113914452815
0.088000  1.113783101817
0.090000  1.113642918839
0.092000  1.113486771830
0.094000  1.113324565121
0.096000  1.113143562378
0.098000  1.112950234303
0.100000  1.112737271811
0.102000  1.112514319655
0.104000  1.112268460115
0.106000  1.112005884344
0.108000  1.111719082487
0.110000  1.111417387956
0.112000  1.111087681211
0.114000  1.110735820539
0.116000  1.110354072991
0.118000  1.109951402022
0.120000  1.109514468799
0.122000  1.109048738783
0.124000  1.108546236543
0.126000  1.108015489424
0.128000  1.107442926579
0.130000  1.106833553312
0.132000  1.106179136914
0.134000  1.105487693906
0.136000  1.104745415365
0.138000  1.103956770604
0.140000  1.103113261177
0.142000  1.102222307941
0.144000  1.101269866509
0.146000  1.100259784093
0.148000  1.099183296195
0.150000  1.098047130747
0.152000  1.096837021245
0.154000  1.095556093827
0.156000  1.094195327582
0.158000  1.092760644614
0.160000  1.091237582459
0.162000  1.089628430702
0.164000  1.087923933479
0.166000  1.086129074052
0.168000  1.084229235144
0.170000  1.082225732778
0.172000  1.080109111360
0.174000  1.077883256203
0.176000  1.075533453642
0.178000  1.073059880823
0.180000  1.070452933545
0.182000  1.067715205998
0.184000  1.064831966276
0.186000  1.061802050020
0.188000  1.058615773735
0.190000  1.055274202690
0.192000  1.051762687202
0.194000  1.048078469402
0.196000  1.044211876378
0.198000  1.040162147997
0.200000  1.035914841957
0.202000  1.031465289357
0.204000  1.027198654764
0.206000  1.023114826990
0.208000  1.019202857139
0.210000  1.015459319723
0.212000  1.011878587669
0.214000  1.008459487488
0.216000  1.005192560160
0.218000  1.002073504689
0.220000  0.999097956069
0.222000  0.996263880698
0.224000  0.993563164012
0.226000  0.990990818051
0.228000  0.988543632001
0.230000  0.986218916528
0.232000  0.984009774552
0.234000  0.981910718949
0.236000  0.979919596710
0.238000  0.978033257141
0.240000  0.976245906995
0.242000  0.974551734048
0.244000  0.972949554125
0.246000  0.971435929043
0.248000  0.970006064856
0.250000  0.968653975923
0.252000  0.967379362131
0.254000  0.966178644781
0.256000  0.965047930713
0.258000  0.963981185446
0.260000  0.962978910261
0.262000  0.962037503241
0.264000  0.961153877623
0.266000  0.960322046099
0.268000  0.959543229847
0.270000  0.958813891487
0.272000  0.958131659585
0.274000  0.957490662567
0.276000  0.956892761197
0.278000  0.956334543087
0.280000  0.955814264455
0.282000  0.955326213429
0.284000  0.954872811912
0.286000  0.954450809291
0.288000  0.954059005784
0.290000  0.953691872449
0.292000  0.953352316846
0.294000  0.953037267542
0.296000  0.952745990011
0.298000  0.952473145056
0.300000  0.952222054533
0.302000  0.951989828690
0.304000  0.951776125344
0.306000  0.951575789679
0.308000  0.951392491721
0.310000  0.951223515194
0.312000  0.951068843965
0.314000  0.950923493940
0.316000  0.950791423269
0.318000  0.950670073976
0.320000  0.950559696822
0.322000  0.950455459804
0.324000  0.950361555794
0.326000  0.950275566029
0.328000  0.950197956414
0.330000  0.950124026078
0.332000  0.950058156093
0.334000  0.949998046338
0.336000  0.949944333441
0.338000  0.949892426403
0.340000  0.949846854782
0.342000  0.949805416786
0.344000  0.949768882386
0.346000  0.949732750285
0.348000  0.949701665305
0.350000  0.949673505106
0.352000  0.949649142147
0.354000  0.949624146631
0.356000  0.949603251403
0.358000  0.949584396828
0.360000  0.949568532869
0.362000  0.949551285453
0.364000  0.949537453544
0.366000  0.949525025908
0.368000  0.949515010172
0.370000  0.949503074764
0.372000  0.949494067503
0.374000  0.949486013728
0.376000  0.949479963268
0.378000  0.949471616309
0.380000  0.949465856172
0.382000  0.949460735270
0.384000  0.949457333814
0.386000  0.949451375250
0.388000  0.949447768270
0.390000  0.949444584938
0.392000  0.949442926976
0.394000  0.949438534537
0.396000  0.949436334144
0.398000  0.949434411849
0.400000  0.949433884355
0.402000  0.949430503589
0.404000  0.949429208396
0.406000  0.949428094600
0.408000  0.949428289162
0.410000  0.949425552153
0.412000  0.949424830793
0.414000  0.949424227606
0.416000  0.949424876461
0.418000  0.949422542959
0.420000  0.949422179918
0.422000  0.949421894368
0.424000  0.949422824759
0.426000  0.949420740377
0.428000  0.949420597717
0.430000  0.949420506793
0.432000  0.949421609032
0.434000  0.949419676137
0.436000  0.949419666979
0.438000  0.949419693508
0.440000  0.949420899061
0.442000  0.949419056894
0.444000  0.949419127389
0.446000  0.949419223729
0.448000  0.949420490455
0.450000  0.949418701805
0.452000  0.949418819104
0.454000  0.949418956310
0.456000  0.949420258709
0.458000  0.949418501148
0.460000  0.949418645534
0.462000  0.949418806300
0.464000  0.949420129187
0.466000  0.949418389413
0.468000  0.949418549237
0.470000  0.949418723380
0.472000  0.949420057854
0.474000  0.949418328103
0.476000  0.949418496592
0.478000  0.949418678215
0.480000  0.949420019143
0.482000  0.949418294954
0.484000  0.949418468232
0.486000  0.949418653974
0.488000  0.949419998444
0.490000  0.949418277293
0.492000  0.949418453179
0.494000  0.949418641155
0.496000  0.949419987538
0.498000  0.949418268023
0.500000  0.949418445307
0.502000  0.949418634475
0.504000  0.949419981876
0.506000  0.949418263228
0.508000  0.949418441250
0.510000  0.949418631046
0.512000  0.949419978980
0.514000  0.949418260784
0.516000  0.949418439190
0.518000  0.949418629311
0.520000  0.949419977520
0.522000  0.949418259557
0.524000  0.949418438160
0.526000  0.949418628447
0.528000  0.949419976795
0.530000  0.949418258950
0.532000  0.949418437652
0.534000  0.949418628022
0.536000  0.949419976441
0.538000  0.949418258654
0.540000  0.949418437405
0.542000  0.949418627817
0.544000  0.949419976270
0.546000  0.949418258512
0.548000  0.949418437287
0.550000  0.949418627719
0.552000  0.949419976188
0.554000  0.949418258445
0.556000  0.949418437232
0.558000  0.949418627673
0.560000  0.949419976150
0.562000  0.949418258414
0.564000  0.949418437206
0.566000  0.949418627651
0.568000  0.949419976133
0.570000  0.949418258399
0.572000  0.949418437194
0.574000  0.949418627642
0.576000  0.949419976125
0.578000  0.949418258393
0.580000  0.949418437189
0.582000  0.949418627637
0.584000  0.949419976121
0.586000  0.949418258390
0.588000  0.949418437186
0.590000  0.949418627635
0.592000  0.949419976120
0.594000  0.949418258389
0.596000  0.949418437185
0.598000  0.949418627635
0.600000  0.949419976119
0.602000  0.949418258388
0.604000  0.949418437185
0.606000  0.949418627635
0.608000  0.949419976119
0.610000  0.949418258388
0.612000  0.949418437185
0.614000  0.949418627635
0.616000  0.949419976120
0.618000  0.949418258389
0.620000  0.949418437187
0.622000  0.949418627637
0.624000  0.949419976122
0.626000  0.949418258392
0.628000  0.949418437189
0.630000  0.949418627640
0.632000  0.949419976126
0.634000  0.949418258397
0.636000  0.949418437196
0.638000  0.949418627648
0.640000  0.949419976136
0.642000  0.949418258409
0.644000  0.949418437210
0.646000  0.949418627665
0.648000  0.949419976157
0.650000  0.949418258434
0.652000  0.949418437240
0.654000  0.949418627702
0.656000  0.949419976201
0.658000  0.949418258487
0.660000  0.949418437305
0.662000  0.949418627780
0.664000  0.949419976295
0.666000  0.949418258600
0.668000  0.949418437440
0.670000  0.949418627942
0.672000  0.949419976489
0.674000  0.949418258832
0.676000  0.949418437719
0.678000  0.949418628275
0.680000  0.949419976887
0.682000  0.949418259307
0.684000  0.949418438285
0.686000  0.949418628949
0.688000  0.949419977689
0.690000  0.949418260261
0.692000  0.949418439418
0.694000  0.949418630294
0.696000  0.949419979284
0.698000  0.949418262150
0.700000  0.949418441653
0.702000  0.949418632937
0.704000  0.949419982406
0.706000  0.949418265836
0.708000  0.949418445999
0.710000  0.949418638056
0.712000  0.949419988431
0.714000  0.949418272919
0.716000  0.949418454320
0.718000  0.949418647823
0.720000  0.949419999883
0.722000  0.949418286335
0.724000  0.949418470022
0.726000  0.949418666184
0.728000  0.949420021333
0.730000  0.949418311372
0.732000  0.949418499217
0.734000  0.949418700197
0.736000  0.949420060921
0.738000  0.949418357409
0.740000  0.949418552702
0.742000  0.949418762281
0.744000  0.949420132917
0.746000  0.949418440825
0.748000  0.949418649256
0.750000  0.949418873946
0.752000  0.949420261934
0.754000  0.949418589758
0.756000  0.949418821017
0.758000  0.949419071859
0.760000  0.949420489763
0.762000  0.949418851797
0.764000  0.949419122113
0.766000  0.949419417533
0.768000  0.949420886236
0.770000  0.949419306135
0.772000  0.949419642268
0.774000  0.949420012522
0.776000  0.949421566177
0.778000  0.949420082481
0.780000  0.949420527847
0.782000  0.949421021829
0.784000  0.949422715409
0.786000  0.949421389898
0.788000  0.949422013820
0.790000  0.949422709287
0.792000  0.949424629862
0.794000  0.949423560002
0.796000  0.949424471400
0.798000  0.949425490041
0.800000  0.949427773327
0.802000  0.949427110431
0.804000  0.949428477726
0.806000  0.949430006948
0.808000  0.949432861119
0.810000  0.949432836354
0.812000  0.949434915816
0.814000  0.949437239644
0.816000  0.949440978928
0.818000  0.949441939842
0.820000  0.949445115208
0.822000  0.949448657246
0.824000  0.949453748408
0.826000  0.949456209198
0.828000  0.949461045932
0.830000  0.949466427900
0.832000  0.949473553259
0.834000  0.949478262587
0.836000  0.949485580690
0.838000  0.949493700579
0.840000  0.949503841702
0.842000  0.949511872286
0.844000  0.949522841979
0.846000  0.949534976221
0.848000  0.949549522740
0.850000  0.949562387225
0.852000  0.949578652036
0.854000  0.949596586215
0.856000  0.949617474280
0.858000  0.949637271851
0.860000  0.949661103467
0.862000  0.949687295847
0.864000  0.949717180356
0.866000  0.949746778068
0.868000  0.949781266749
0.870000  0.949819048185
0.872000  0.949861512049
0.874000  0.949904763843
0.876000  0.949954046991
0.878000  0.950007859421
0.880000  0.950067661653
0.882000  0.950129666362
0.884000  0.950199196011
0.886000  0.950274869749
0.888000  0.950358231956
0.890000  0.950445629222
0.892000  0.950542476692
0.894000  0.950647544011
0.896000  0.950762472002
0.898000  0.950883772024
0.900000  0.951016964776
0.902000  0.951161003957
0.904000  0.951317637716
0.906000  0.951483577124
0.908000  0.951664459154
0.910000  0.951859459357
0.912000  0.952070440747
0.914000  0.952294352979
0.916000  0.952536956127
0.918000  0.952797689462
0.920000  0.953078533062
0.922000  0.953376717685
0.924000  0.953698127382
0.926000  0.954042510815
0.928000  0.954411959675
0.930000  0.954804031645
0.932000  0.955224727362
0.934000  0.955674154068
0.936000  0.956154499459
0.938000  0.956663696905
0.940000  0.957207845550
0.942000  0.957787463688
0.944000  0.958404806690
0.946000  0.959058235068
0.948000  0.959753915352
0.950000  0.960492832562
0.952000  0.961277266311
0.954000  0.962106058360
0.956000  0.962985396404
0.958000  0.963916791285
0.960000  0.964902486356
0.962000  0.965941861681
0.964000  0.967041063345
0.966000  0.968202191156
0.968000  0.969427373378
0.970000  0.970716589150
0.972000  0.972075863035
0.974000  0.973507952124
0.976000  0.975014772222
0.978000  0.976596967331
0.980000  0.978260344029
0.982000  0.980008391904
0.984000  0.981842699434
0.986000  0.983764648220
0.988000  0.985779715660
0.990000  0.987892208914
0.992000  0.990103256352
0.994000  0.992415066052
0.996000  0.994832622351
0.998000  0.997361183392
1.000000  1.000000770021
