0.000000  1.000013994602
0.002000  1.000013999347
0.004000  1.000013999347
0.006000  1.000013999347
0.008000  1.000013999347
0.010000  1.000013999347
0.012000  1.000013999347
0.014000  1.000013999347
0.016000  1.000013999347
0.018000  1.000013999347
0.020000  1.000013999347
0.022000  1.000013999347
0.024000  1.000013999347
0.026000  1.000013999347
0.028000  1.000013999347
0.030000  1.000013999347
0.032000  1.000013999347
0.034000  1.000013999347
0.036000  1.000013999347
0.038000  1.000013999347
0.040000  1.000013999347
0.042000  1.000013999347
0.044000  1.000013999347
0.046000  1.000013999347
0.048000  1.000013999347
0.050000  1.000013999347
0.052000  1.000013999347
0.054000  1.000013999347
0.056000  1.000013999347
0.058000  1.000013999347
0.060000  1.000013999347
0.062000  1.000013999347
0.064000  1.000013999347
0.066000  1.000013999347
0.068000  1.000013999347
0.070000  1.000013999347
0.072000  1.000013999347
0.074000  1.000013999347
0.076000  1.000013999347
0.078000  1.000013999347
0.080000  1.000013999347
0.082000  1.000013999347
0.084000  1.000013999347
0.086000  1.000013999347
0.088000  1.000013999347
0.090000  1.000013999347
0.092000  1.000013999347
0.094000  1.000013999347
0.096000  1.000013999347
0.098000  1.000013999347
0.100000  1.000013999347
0.102000  1.000013999347
0.104000  1.000013999347
0.106000  1.000013999347
0.108000  1.000013999347
0.110000  1.000013999347
0.112000  1.000013999347
0.114000  1.000013999347
0.116000  1.000013999347
0.118000  1.000013999347
0.120000  1.000013999347
0.122000  1.000013999347
0.124000  1.000013999347
0.126000  1.000013999347
0.128000  1.000013999347
0.130000  1.000013999347
0.132000  1.000013999347
0.134000  1.000013999347
0.136000  1.000013999347
0.138000  1.000013999347
0.140000  1.000013999347
0.142000  1.000013999347
0.144000  1.000013999347
0.146000  1.000013999347
0.148000  1.000013999347
0.150000  1.000013999347
0.152000  1.000013999347
0.154000  1.000013999347
0.156000  1.000013999347
0.158000  1.000013999347
0.160000  1.000013999347
0.162000  1.000013999347
0.164000  1.000013999347
0.166000  1.000013999347
0.168000  1.000013999347
0.170000  1.000013999347
0.172000  1.000013999347
0.174000  1.000013999347
0.176000  1.000013999347
0.178000  1.000013999347
0.180000  1.000013999347
0.182000  1.000013999347
0.184000  1.000013999347
0.186000  1.000013999347
0.188000  1.000013999347
0.190000  1.000013999346
0.192000  1.000013999343
0.194000  1.000013999264
0.196000  1.000013997539
0.198000  1.000013959666
0.200000  1.000013128138
0.202000  0.999994871516
0.204000  0.999994039987
0.206000  0.999994002114
0.208000  0.999994000389
0.210000  0.999994000310
0.212000  0.999994000307
0.214000  0.999994000307
0.216000  0.999994000307
0.218000  0.999994000307
0.220000  0.999994000307
0.222000  0.999994000307
0.224000  0.999994000307
0.226000  0.999994000307
0.228000  0.999994000307
0.230000  0.999994000307
0.232000  0.999994000307
0.234000  0.999994000307
0.236000  0.999994000307
0.238000  0.999994000307
0.240000  0.999994000307
0.242000  0.999994000307
0.244000  0.999994000307
0.246000  0.999994000307
0.248000  0.999994000307
0.250000  0.999994000307
0.252000  0.999994000307
0.254000  0.999994000307
0.256000  0.999994000307
0.258000  0.999994000307
0.260000  0.999994000307
0.262000  0.999994000307
0.264000  0.999994000307
0.266000  0.999994000307
0.268000  0.999994000307
0.270000  0.999994000307
0.272000  0.999994000307
0.274000  0.999994000307
0.276000  0.999994000307
0.278000  0.999994000307
0.280000  0.999994000307
0.282000  0.999994000307
0.284000  0.999994000307
0.286000  0.999994000307
0.288000  0.999994000307
0.290000  0.999994000307
0.292000  0.999994000307
0.294000  0.999994000307
0.296000  0.999994000307
0.298000  0.999994000307
0.300000  0.999994000307
0.302000  0.999994000307
0.304000  0.999994000307
0.306000  0.999994000307
0.308000  0.999994000307
0.310000  0.999994000307
0.312000  0.999994000307
0.314000  0.999994000307
0.316000  0.999994000307
0.318000  0.999994000307
0.320000  0.999994000307
0.322000  0.999994000307
0.324000  0.999994000307
0.326000  0.999994000307
0.328000  0.999994000307
0.330000  0.999994000307
0.332000  0.999994000307
0.334000  0.999994000307
0.336000  0.999994000307
0.338000  0.999994000307
0.340000  0.999994000307
0.342000  0.999994000307
0.344000  0.999994000307
0.346000  0.999994000307
0.348000  0.999994000307
0.350000  0.999994000307
0.352000  0.999994000307
0.354000  0.999994000307
0.356000  0.999994000307
0.358000  0.999994000307
0.360000  0.999994000307
0.362000  0.999994000307
0.364000  0.999994000307
0.366000  0.999994000307
0.368000  0.999994000307
0.370000  0.999994000307
0.372000  0.999994000307
0.374000  0.999994000307
0.376000  0.999994000307
0.378000  0.999994000307
0.380000  0.999994000307
0.382000  0.999994000307
0.384000  0.999994000307
0.386000  0.999994000307
0.388000  0.999994000307
0.390000  0.999994000307
0.392000  0.999994000307
0.394000  0.999994000307
0.396000  0.999994000307
0.398000  0.999994000307
0.400000  0.999994000307
0.402000  0.999994000307
0.404000  0.999994000307
0.406000  0.999994000307
0.408000  0.999994000307
0.410000  0.999994000307
0.412000  0.999994000307
0.414000  0.999994000307
0.416000  0.999994000307
0.418000  0.999994000307
0.420000  0.999994000307
0.422000  0.999994000307
0.424000  0.999994000307
0.426000  0.999994000307
0.428000  0.999994000307
0.430000  0.999994000307
0.432000  0.999994000307
0.434000  0.999994000307
0.436000  0.999994000307
0.438000  0.999994000307
0.440000  0.999994000307
0.442000  0.999994000307
0.444000  0.999994000307
0.446000  0.999994000307
0.448000  0.999994000307
0.450000  0.999994000307
0.452000  0.999994000307
0.454000  0.999994000307
0.456000  0.999994000307
0.458000  0.999994000307
0.460000  0.999994000307
0.462000  0.999994000307
0.464000  0.999994000307
0.466000  0.999994000307
0.468000  0.999994000307
0.470000  0.999994000307
0.472000  0.999994000307
0.474000  0.999994000307
0.476000  0.999994000307
0.478000  0.999994000307
0.480000  0.999994000307
0.482000  0.999994000307
0.484000  0.999994000307
0.486000  0.999994000307
0.488000  0.999994000307
0.490000  0.999994000307
0.492000  0.999994000307
0.494000  0.999994000307
0.496000  0.999994000307
0.498000  0.999994000307
0.500000  0.999994000307
0.502000  0.999994000307
0.504000  0.999994000307
0.506000  0.999994000307
0.508000  0.999994000307
0.510000  0.999994000307
0.512000  0.999994000307
0.514000  0.999994000307
0.516000  0.999994000307
0.518000  0.999994000307
0.520000  0.999994000307
0.522000  0.999994000307
0.524000  0.999994000307
0.526000  0.999994000307
0.528000  0.999994000307
0.530000  0.999994000307
0.532000  0.999994000307
0.534000  0.999994000307
0.536000  0.999994000307
0.538000  0.999994000307
0.540000  0.999994000307
0.542000  0.999994000307
0.544000  0.999994000307
0.546000  0.999994000307
0.548000  0.999994000307
0.550000  0.999994000307
0.552000  0.999994000307
0.554000  0.999994000307
0.556000  0.999994000307
0.558000  0.999994000307
0.560000  0.999994000307
0.562000  0.999994000307
0.564000  0.999994000307
0.566000  0.999994000307
0.568000  0.999994000307
0.570000  0.999994000307
0.572000  0.999994000307
0.574000  0.999994000307
0.576000  0.999994000307
0.578000  0.999994000307
0.580000  0.999994000307
0.582000  0.999994000307
0.584000  0.999994000307
0.586000  0.999994000307
0.588000  0.999994000307
0.590000  0.999994000307
0.592000  0.999994000307
0.594000  0.999994000307
0.596000  0.999994000307
0.598000  0.999994000307
0.600000  0.999994000307
0.602000  0.999994000307
0.604000  0.999994000307
0.606000  0.999994000307
0.608000  0.999994000307
0.610000  0.999994000307
0.612000  0.999994000307
0.614000  0.999994000307
0.616000  0.999994000307
0.618000  0.999994000307
0.620000  0.999994000307
0.622000  0.999994000307
0.624000  0.999994000307
0.626000  0.999994000307
0.628000  0.999994000307
0.630000  0.999994000307
0.632000  0.999994000307
0.634000  0.999994000307
0.636000  0.999994000307
0.638000  0.999994000307
0.640000  0.999994000307
0.642000  0.999994000307
0.644000  0.999994000307
0.646000  0.999994000307
0.648000  0.999994000307
0.650000  0.999994000307
0.652000  0.999994000307
0.654000  0.999994000307
0.656000  0.999994000307
0.658000  0.999994000307
0.660000  0.999994000307
0.662000  0.999994000307
0.664000  0.999994000307
0.666000  0.999994000307
0.668000  0.999994000307
0.670000  0.999994000307
0.672000  0.999994000307
0.674000  0.999994000307
0.676000  0.999994000307
0.678000  0.999994000307
0.680000  0.999994000307
0.682000  0.999994000307
0.684000  0.999994000307
0.686000  0.999994000307
0.688000  0.999994000307
0.690000  0.999994000307
0.692000  0.999994000307
0.694000  0.999994000307
0.696000  0.999994000307
0.698000  0.999994000307
0.700000  0.999994000307
0.702000  0.999994000307
0.704000  0.999994000307
0.706000  0.999994000307
0.708000  0.999994000307
0.710000  0.999994000307
0.712000  0.999994000307
0.714000  0.999994000307
0.716000  0.999994000307
0.718000  0.999994000307
0.720000  0.999994000307
0.722000  0.999994000307
0.724000  0.999994000307
0.726000  0.999994000307
0.728000  0.999994000307
0.730000  0.999994000307
0.732000  0.999994000307
0.734000  0.999994000307
0.736000  0.999994000307
0.738000  0.999994000307
0.740000  0.999994000307
0.742000  0.999994000307
0.744000  0.999994000307
0.746000  0.999994000307
0.748000  0.999994000307
0.750000  0.999994000307
0.752000  0.999994000307
0.754000  0.999994000307
0.756000  0.999994000307
0.758000  0.999994000307
0.760000  0.999994000307
0.762000  0.999994000307
0.764000  0.999994000307
0.766000  0.999994000307
0.768000  0.999994000307
0.770000  0.999994000307
0.772000  0.999994000307
0.774000  0.999994000307
0.776000  0.999994000307
0.778000  0.999994000307
0.780000  0.999994000307
0.782000  0.999994000307
0.784000  0.999994000307
0.786000  0.999994000307
0.788000  0.999994000307
0.790000  0.999994000307
0.792000  0.999994000307
0.794000  0.999994000307
0.796000  0.999994000307
0.798000  0.999994000307
0.800000  0.999994000307
0.802000  0.999994000307
0.804000  0.999994000307
0.806000  0.999994000307
0.808000  0.999994000307
0.810000  0.999994000307
0.812000  0.999994000307
0.814000  0.999994000307
0.816000  0.999994000307
0.818000  0.999994000307
0.820000  0.999994000307
0.822000  0.999994000307
0.824000  0.999994000307
0.826000  0.999994000307
0.828000  0.999994000307
0.830000  0.999994000307
0.832000  0.999994000307
0.834000  0.999994000307
0.836000  0.999994000307
0.838000  0.999994000307
0.840000  0.999994000307
0.842000  0.999994000307
0.844000  0.999994000307
0.846000  0.999994000307
0.848000  0.999994000307
0.850000  0.999994000307
0.852000  0.999994000307
0.854000  0.999994000307
0.856000  0.999994000307
0.858000  0.999994000307
0.860000  0.999994000307
0.862000  0.999994000307
0.864000  0.999994000307
0.866000  0.999994000307
0.868000  0.999994000307
0.870000  0.999994000307
0.872000  0.999994000307
0.874000  0.999994000307
0.876000  0.999994000307
0.878000  0.999994000307
0.880000  0.999994000307
0.882000  0.999994000307
0.884000  0.999994000307
0.886000  0.999994000307
0.888000  0.999994000307
0.890000  0.999994000307
0.892000  0.999994000307
0.894000  0.999994000307
0.896000  0.999994000307
0.898000  0.999994000307
0.900000  0.999994000307
0.902000  0.999994000307
0.904000  0.999994000307
0.906000  0.999994000307
0.908000  0.999994000307
0.910000  0.999994000307
0.912000  0.999994000307
0.914000  0.999994000307
0.916000  0.999994000307
0.918000  0.999994000307
0.920000  0.999994000307
0.922000  0.999994000307
0.924000  0.999994000307
0.926000  0.999994000307
0.928000  0.999994000307
0.930000  0.999994000307
0.932000  0.999994000307
0.934000  0.999994000307
0.936000  0.999994000307
0.938000  0.999994000307
0.940000  0.999994000307
0.942000  0.999994000307
0.944000  0.999994000307
0.946000  0.999994000307
0.948000  0.999994000307
0.950000  0.999994000307
0.952000  0.999994000307
0.954000  0.999994000307
0.956000  0.999994000307
0.958000  0.999994000307
0.960000  0.999994000307
0.962000  0.999994000307
0.964000  0.999994000307
0.966000  0.999994000307
0.968000  0.999994000307
0.970000  0.999994000307
0.972000  0.999994000307
0.974000  0.999994000307
0.976000  0.999994000307
0.978000  0.999994000307
0.980000  0.999994000307
0.982000  0.999994000307
0.984000  0.999994000307
0.986000  0.999994000307
0.988000  0.999994000307
0.990000  0.999994000312
0.992000  0.999994000413
0.994000  0.999994002198
0.996000  0.999994032181
0.998000  0.999994487183
1.000000  1.000000000000
