0.000000  1.779520147681
0.001000  1.779520147681
0.002000  1.779512860778
0.003000  1.779498285696
0.004000  1.779476419883
0.005000  1.779447259510
0.006000  1.779410799470
0.007000  1.779367033380
0.008000  1.779315953574
0.009000  1.779257551110
0.010000  1.779191815762
0.011000  1.779118736019
0.012000  1.779038299086
0.013000  1.778950490882
0.014000  1.778855296032
0.015000  1.778752697872
0.016000  1.778642678443
0.017000  1.778525218484
0.018000  1.778400297437
0.019000  1.778267893437
0.020000  1.778127983312
0.021000  1.777980542576
0.022000  1.777825545430
0.023000  1.777662964751
0.024000  1.777492772093
0.025000  1.777314937683
0.026000  1.777129430409
0.027000  1.776936217823
0.028000  1.776735266131
0.029000  1.776526540189
0.030000  1.776310003497
0.031000  1.776085618192
0.032000  1.775853345044
0.033000  1.775613143449
0.034000  1.775364971421
0.035000  1.775108785584
0.036000  1.774844541170
0.037000  1.774572192006
0.038000  1.774291690511
0.039000  1.774002987685
0.040000  1.773706033102
0.041000  1.773400774902
0.042000  1.773087159783
0.043000  1.772765132993
0.044000  1.772434638316
0.045000  1.772095618072
0.046000  1.771748013098
0.047000  1.771391762746
0.048000  1.771026804867
0.049000  1.770653075806
0.050000  1.770270510389
0.051000  1.769879041913
0.052000  1.769478602134
0.053000  1.769069121259
0.054000  1.768650527931
0.055000  1.768222749220
0.056000  1.767785710611
0.057000  1.767339335989
0.058000  1.766883547633
0.059000  1.766418266197
0.060000  1.765943410699
0.061000  1.765458898511
0.062000  1.764964645342
0.063000  1.764460565225
0.064000  1.763946570507
0.065000  1.763422571829
0.066000  1.762888478115
0.067000  1.762344196558
0.068000  1.761789632605
0.069000  1.761224689937
0.070000  1.760649270462
0.071000  1.760063274291
0.072000  1.759466599730
0.073000  1.758859143255
0.074000  1.758240799504
0.075000  1.757611461253
0.076000  1.756971019405
0.077000  1.756319362968
0.078000  1.755656379040
0.079000  1.754981952789
0.080000  1.754295967437
0.081000  1.753598304242
0.082000  1.752888842474
0.083000  1.752167459402
0.084000  1.751434030271
0.085000  1.750688428284
0.086000  1.749930524582
0.087000  1.749160188220
0.088000  1.748377286153
0.089000  1.747581683209
0.090000  1.746773242070
0.091000  1.745951823252
0.092000  1.745117285080
0.093000  1.744269483668
0.094000  1.743408272896
0.095000  1.742533504386
0.096000  1.741645027480
0.097000  1.740742689216
0.098000  1.739826334304
0.099000  1.738895805102
0.100000  1.737950941591
0.101000  1.736991581350
0.102000  1.736017559531
0.103000  1.735028708834
0.104000  1.734024859480
0.105000  1.733005839184
0.106000  1.731971473131
0.107000  1.730921583946
0.108000  1.729855991667
0.109000  1.728774513717
0.110000  1.727676964880
0.111000  1.726563157264
0.112000  1.725432900281
0.113000  1.724286000611
0.114000  1.723122262174
0.115000  1.721941486101
0.116000  1.720743470704
0.117000  1.719528011442
0.118000  1.718294900891
0.119000  1.717043928713
0.120000  1.715774881622
0.121000  1.714487543352
0.122000  1.713181694626
0.123000  1.711857113117
0.124000  1.710513573420
0.125000  1.709150847013
0.126000  1.707768702223
0.127000  1.706366904193
0.128000  1.704945214842
0.129000  1.703503392833
0.130000  1.702041193531
0.131000  1.700558368970
0.132000  1.699054667813
0.133000  1.697529835314
0.134000  1.695983613278
0.135000  1.694415740022
0.136000  1.692825950337
0.137000  1.691213975444
0.138000  1.689579542956
0.139000  1.687922376833
0.140000  1.686242197342
0.141000  1.684538721014
0.142000  1.682811660600
0.143000  1.681060725027
0.144000  1.679285619352
0.145000  1.677486044719
0.146000  1.675661698313
0.147000  1.673812273308
0.148000  1.671937458829
0.149000  1.670036939895
0.150000  1.668110397376
0.151000  1.666157507941
0.152000  1.664177944008
0.153000  1.662171373695
0.154000  1.660137460766
0.155000  1.658075864580
0.156000  1.655986240034
0.157000  1.653868237517
0.158000  1.651721502847
0.159000  1.649545677219
0.160000  1.647340397146
0.161000  1.645105294407
0.162000  1.642839995980
0.163000  1.640544123990
0.164000  1.638217295643
0.165000  1.635859123170
0.166000  1.633469213758
0.167000  1.631047169493
0.168000  1.628592587290
0.169000  1.626105058830
0.170000  1.623584170491
0.171000  1.621029503284
0.172000  1.618440632777
0.173000  1.615817129029
0.174000  1.613158556518
0.175000  1.610464474063
0.176000  1.607734434755
0.177000  1.604967985876
0.178000  1.602164668824
0.179000  1.599324019030
0.180000  1.596445565883
0.181000  1.593528832641
0.182000  1.590573336348
0.183000  1.587578587751
0.184000  1.584544091207
0.185000  1.581469344597
0.186000  1.578353839229
0.187000  1.575197059751
0.188000  1.571998484044
0.189000  1.568757583134
0.190000  1.565473821082
0.191000  1.562146654888
0.192000  1.558775534377
0.193000  1.555359902097
0.194000  1.551899193203
0.195000  1.548392835342
0.196000  1.544840248540
0.197000  1.541240845076
0.198000  1.537594029360
0.199000  1.533899197807
0.200000  1.530155738702
0.201000  1.526363032070
0.202000  1.522601491982
0.203000  1.518870795721
0.204000  1.515170625006
0.205000  1.511500665917
0.206000  1.507860608813
0.207000  1.504250148265
0.208000  1.500668982972
0.209000  1.497116815697
0.210000  1.493593353192
0.211000  1.490098306129
0.212000  1.486631389034
0.213000  1.483192320221
0.214000  1.479780821723
0.215000  1.476396619235
0.216000  1.473039442044
0.217000  1.469709022976
0.218000  1.466405098330
0.219000  1.463127407823
0.220000  1.459875694531
0.221000  1.456649704834
0.222000  1.453449188361
0.223000  1.450273897935
0.224000  1.447123589522
0.225000  1.443998022179
0.226000  1.440896958000
0.227000  1.437820162073
0.228000  1.434767402424
0.229000  1.431738449975
0.230000  1.428733078495
0.231000  1.425751064554
0.232000  1.422792187477
0.233000  1.419856229304
0.234000  1.416942974742
0.235000  1.414052211127
0.236000  1.411183728379
0.237000  1.408337318963
0.238000  1.405512777850
0.239000  1.402709902474
0.240000  1.399928492700
0.241000  1.397168350780
0.242000  1.394429281319
0.243000  1.391711091240
0.244000  1.389013589745
0.245000  1.386336588285
0.246000  1.383679900519
0.247000  1.381043342288
0.248000  1.378426731576
0.249000  1.375829888480
0.250000  1.373252635180
0.251000  1.370694795903
0.252000  1.368156196900
0.253000  1.365636666408
0.254000  1.363136034624
0.255000  1.360654133678
0.256000  1.358190797602
0.257000  1.355745862302
0.258000  1.353319165532
0.259000  1.350910546866
0.260000  1.348519847673
0.261000  1.346146911090
0.262000  1.343791581996
0.263000  1.341453706988
0.264000  1.339133134356
0.265000  1.336829714060
0.266000  1.334543297703
0.267000  1.332273738512
0.268000  1.330020891312
0.269000  1.327784612506
0.270000  1.325564760049
0.271000  1.323361193430
0.272000  1.321173773650
0.273000  1.319002363199
0.274000  1.316846826039
0.275000  1.314707027580
0.276000  1.312582834661
0.277000  1.310474115532
0.278000  1.308380739834
0.279000  1.306302578579
0.280000  1.304239504134
0.281000  1.302191390200
0.282000  1.300158111793
0.283000  1.298139545233
0.284000  1.296135568117
0.285000  1.294146059312
0.286000  1.292170898927
0.287000  1.290209968309
0.288000  1.288263150015
0.289000  1.286330327805
0.290000  1.284411386620
0.291000  1.282506212570
0.292000  1.280614692920
0.293000  1.278736716069
0.294000  1.276872171543
0.295000  1.275020949973
0.296000  1.273182943087
0.297000  1.271358043693
0.298000  1.269546145666
0.299000  1.267747143932
0.300000  1.265960934458
0.301000  1.264187414238
0.302000  1.262426481279
0.303000  1.260678034588
0.304000  1.258941974162
0.305000  1.257218200971
0.306000  1.255506616952
0.307000  1.253807124992
0.308000  1.252119628918
0.309000  1.250444033486
0.310000  1.248780244367
0.311000  1.247128168141
0.312000  1.245487712280
0.313000  1.243858785140
0.314000  1.242241295951
0.315000  1.240635154806
0.316000  1.239040272647
0.317000  1.237456561261
0.318000  1.235883933265
0.319000  1.234322302098
0.320000  1.232771582010
0.321000  1.231231688055
0.322000  1.229702536079
0.323000  1.228184042710
0.324000  1.226676125353
0.325000  1.225178702174
0.326000  1.223691692099
0.327000  1.222215014799
0.328000  1.220748590685
0.329000  1.219292340896
0.330000  1.217846187293
0.331000  1.216410052453
0.332000  1.214983859654
0.333000  1.213567532874
0.334000  1.212160996777
0.335000  1.210764176711
0.336000  1.209376998695
0.337000  1.207999389417
0.338000  1.206631276218
0.339000  1.205272587094
0.340000  1.203923250684
0.341000  1.202583196262
0.342000  1.201252353730
0.343000  1.199930653616
0.344000  1.198618027059
0.345000  1.197314405809
0.346000  1.196019722217
0.347000  1.194733909230
0.348000  1.193456900381
0.349000  1.192188629788
0.350000  1.190929032143
0.351000  1.189678042707
0.352000  1.188435597307
0.353000  1.187201632324
0.354000  1.185976084692
0.355000  1.184758891889
0.356000  1.183549991935
0.357000  1.182349323380
0.358000  1.181156825305
0.359000  1.179972437311
0.360000  1.178796099518
0.361000  1.177627752554
0.362000  1.176467337558
0.363000  1.175314796164
0.364000  1.174170070505
0.365000  1.173033103202
0.366000  1.171903837363
0.367000  1.170782216575
0.368000  1.169668184899
0.369000  1.168561686867
0.370000  1.167462667477
0.371000  1.166371072185
0.372000  1.165286846906
0.373000  1.164209938002
0.374000  1.163140292286
0.375000  1.162077857008
0.376000  1.161022579859
0.377000  1.159974408962
0.378000  1.158933292867
0.379000  1.157899180550
0.380000  1.156872021406
0.381000  1.155851765246
0.382000  1.154838362293
0.383000  1.153831763176
0.384000  1.152831918929
0.385000  1.151838780985
0.386000  1.150852301171
0.387000  1.149872431709
0.388000  1.148899125204
0.389000  1.147932334648
0.390000  1.146972013412
0.391000  1.146018115244
0.392000  1.145070594263
0.393000  1.144129404961
0.394000  1.143194502190
0.395000  1.142265841168
0.396000  1.141343377470
0.397000  1.140427067025
0.398000  1.139516866117
0.399000  1.138612731373
0.400000  1.137714619770
0.401000  1.136822488622
0.402000  1.135936295585
0.403000  1.135055998648
0.404000  1.134181556133
0.405000  1.133312926689
0.406000  1.132450069293
0.407000  1.131592943243
0.408000  1.130741508157
0.409000  1.129895723969
0.410000  1.129055550929
0.411000  1.128220949593
0.412000  1.127391880830
0.413000  1.126568305810
0.414000  1.125750186008
0.415000  1.124937483195
0.416000  1.124130159443
0.417000  1.123328177113
0.418000  1.122531498861
0.419000  1.121740087628
0.420000  1.120953906645
0.421000  1.120172919422
0.422000  1.119397089752
0.423000  1.118626381706
0.424000  1.117860759630
0.425000  1.117100188142
0.426000  1.116344632133
0.427000  1.115594056760
0.428000  1.114848427448
0.429000  1.114107709882
0.430000  1.113371870012
0.431000  1.112640874043
0.432000  1.111914688440
0.433000  1.111193279918
0.434000  1.110476615447
0.435000  1.109764662246
0.436000  1.109057387780
0.437000  1.108354759761
0.438000  1.107656746142
0.439000  1.106963315120
0.440000  1.106274435128
0.441000  1.105590074837
0.442000  1.104910203152
0.443000  1.104234789210
0.444000  1.103563802382
0.445000  1.102897212263
0.446000  1.102234988678
0.447000  1.101577101674
0.448000  1.100923521523
0.449000  1.100274218717
0.450000  1.099629163966
0.451000  1.098988328199
0.452000  1.098351682557
0.453000  1.097719198398
0.454000  1.097090847289
0.455000  1.096466601007
0.456000  1.095846431537
0.457000  1.095230311072
0.458000  1.094618212007
0.459000  1.094010106939
0.460000  1.093405968670
0.461000  1.092805770197
0.462000  1.092209484717
0.463000  1.091617085622
0.464000  1.091028546498
0.465000  1.090443841125
0.466000  1.089862943473
0.467000  1.089285827702
0.468000  1.088712468158
0.469000  1.088142839377
0.470000  1.087576916077
0.471000  1.087014673159
0.472000  1.086456085707
0.473000  1.085901128986
0.474000  1.085349778437
0.475000  1.084802009681
0.476000  1.084257798514
0.477000  1.083717120905
0.478000  1.083179952998
0.479000  1.082646271108
0.480000  1.082116051719
0.481000  1.081589271484
0.482000  1.081065907225
0.483000  1.080545935928
0.484000  1.080029334746
0.485000  1.079516080993
0.486000  1.079006152146
0.487000  1.078499525844
0.488000  1.077996179882
0.489000  1.077496092217
0.490000  1.076999240961
0.491000  1.076505604382
0.492000  1.076015160901
0.493000  1.075527889094
0.494000  1.075043767689
0.495000  1.074562775564
0.496000  1.074084891745
0.497000  1.073610095409
0.498000  1.073138365879
0.499000  1.072669682624
0.500000  1.072204025257
0.501000  1.071741373536
0.502000  1.071281707361
0.503000  1.070825006773
0.504000  1.070371251954
0.505000  1.069920423225
0.506000  1.069472501046
0.507000  1.069027466012
0.508000  1.068585298855
0.509000  1.068145980442
0.510000  1.067709491774
0.511000  1.067275813985
0.512000  1.066844928340
0.513000  1.066416816235
0.514000  1.065991459197
0.515000  1.065568838879
0.516000  1.065148937064
0.517000  1.064731735662
0.518000  1.064317216706
0.519000  1.063905362357
0.520000  1.063496154899
0.521000  1.063089576737
0.522000  1.062685610399
0.523000  1.062284238536
0.524000  1.061885443917
0.525000  1.061489209429
0.526000  1.061095518080
0.527000  1.060704352995
0.528000  1.060315697413
0.529000  1.059929534691
0.530000  1.059545848299
0.531000  1.059164621822
0.532000  1.058785838958
0.533000  1.058409483517
0.534000  1.058035539419
0.535000  1.057663990696
0.536000  1.057294821488
0.537000  1.056928016045
0.538000  1.056563558725
0.539000  1.056201433992
0.540000  1.055841626417
0.541000  1.055484120678
0.542000  1.055128901553
0.543000  1.054775953930
0.544000  1.054425262796
0.545000  1.054076813241
0.546000  1.053730590459
0.547000  1.053386579741
0.548000  1.053044766481
0.549000  1.052705136172
0.550000  1.052367674404
0.551000  1.052032366867
0.552000  1.051699199346
0.553000  1.051368157725
0.554000  1.051039227981
0.555000  1.050712396188
0.556000  1.050387648514
0.557000  1.050064971218
0.558000  1.049744350657
0.559000  1.049425773275
0.560000  1.049109225611
0.561000  1.048794694294
0.562000  1.048482166042
0.563000  1.048171627664
0.564000  1.047863066057
0.565000  1.047556468207
0.566000  1.047251821187
0.567000  1.046949112157
0.568000  1.046648328364
0.569000  1.046349457139
0.570000  1.046052485900
0.571000  1.045757402148
0.572000  1.045464193469
0.573000  1.045172847532
0.574000  1.044883352086
0.575000  1.044595694967
0.576000  1.044309864087
0.577000  1.044025847443
0.578000  1.043743633110
0.579000  1.043463209243
0.580000  1.043184564077
0.581000  1.042907685925
0.582000  1.042632563176
0.583000  1.042359184299
0.584000  1.042087537839
0.585000  1.041817612417
0.586000  1.041549396729
0.587000  1.041282879548
0.588000  1.041018049720
0.589000  1.040754896166
0.590000  1.040493407879
0.591000  1.040233573928
0.592000  1.039975383450
0.593000  1.039718825659
0.594000  1.039463889836
0.595000  1.039210565336
0.596000  1.038958841584
0.597000  1.038708708073
0.598000  1.038460154367
0.599000  1.038213170099
0.600000  1.037967744969
0.601000  1.037723868747
0.602000  1.037481531270
0.603000  1.037240722439
0.604000  1.037001432227
0.605000  1.036763650667
0.606000  1.036527367863
0.607000  1.036292573979
0.608000  1.036059259248
0.609000  1.035827413965
0.610000  1.035597028489
0.611000  1.035368093242
0.612000  1.035140598709
0.613000  1.034914535438
0.614000  1.034689894039
0.615000  1.034466665181
0.616000  1.034244839597
0.617000  1.034024408079
0.618000  1.033805361481
0.619000  1.033587690714
0.620000  1.033371386750
0.621000  1.033156440621
0.622000  1.032942843415
0.623000  1.032730586279
0.624000  1.032519660419
0.625000  1.032310057097
0.626000  1.032101767631
0.627000  1.031894783399
0.628000  1.031689095830
0.629000  1.031484696413
0.630000  1.031281576690
0.631000  1.031079728258
0.632000  1.030879142770
0.633000  1.030679811932
0.634000  1.030481727504
0.635000  1.030284881298
0.636000  1.030089265182
0.637000  1.029894871073
0.638000  1.029701690944
0.639000  1.029509716816
0.640000  1.029318940765
0.641000  1.029129354917
0.642000  1.028940951447
0.643000  1.028753722583
0.644000  1.028567660602
0.645000  1.028382757830
0.646000  1.028199006644
0.647000  1.028016399469
0.648000  1.027834928779
0.649000  1.027654587096
0.650000  1.027475366990
0.651000  1.027297261080
0.652000  1.027120262031
0.653000  1.026944362555
0.654000  1.026769555411
0.655000  1.026595833405
0.656000  1.026423189389
0.657000  1.026251616259
0.658000  1.026081106959
0.659000  1.025911654476
0.660000  1.025743251842
0.661000  1.025575892135
0.662000  1.025409568476
0.663000  1.025244274030
0.664000  1.025080002005
0.665000  1.024916745654
0.666000  1.024754498271
0.667000  1.024593253193
0.668000  1.024433003801
0.669000  1.024273743516
0.670000  1.024115465802
0.671000  1.023958164163
0.672000  1.023801832146
0.673000  1.023646463338
0.674000  1.023492051367
0.675000  1.023338589901
0.676000  1.023186072648
0.677000  1.023034493355
0.678000  1.022883845811
0.679000  1.022734123842
0.680000  1.022585321312
0.681000  1.022437432127
0.682000  1.022290450230
0.683000  1.022144369600
0.684000  1.021999184256
0.685000  1.021854888255
0.686000  1.021711475690
0.687000  1.021568940691
0.688000  1.021427277427
0.689000  1.021286480102
0.690000  1.021146542955
0.691000  1.021007460263
0.692000  1.020869226338
0.693000  1.020731835529
0.694000  1.020595282218
0.695000  1.020459560823
0.696000  1.020324665798
0.697000  1.020190591631
0.698000  1.020057332842
0.699000  1.019924883989
0.700000  1.019793239661
0.701000  1.019662394482
0.702000  1.019532343109
0.703000  1.019403080231
0.704000  1.019274600573
0.705000  1.019146898890
0.706000  1.019019969970
0.707000  1.018893808634
0.708000  1.018768409733
0.709000  1.018643768154
0.710000  1.018519878811
0.711000  1.018396736653
0.712000  1.018274336656
0.713000  1.018152673832
0.714000  1.018031743219
0.715000  1.017911539889
0.716000  1.017792058942
0.717000  1.017673295510
0.718000  1.017555244753
0.719000  1.017437901862
0.720000  1.017321262056
0.721000  1.017205320585
0.722000  1.017090072727
0.723000  1.016975513789
0.724000  1.016861639106
0.725000  1.016748444044
0.726000  1.016635923993
0.727000  1.016524074375
0.728000  1.016412890637
0.729000  1.016302368256
0.730000  1.016192502735
0.731000  1.016083289604
0.732000  1.015974724420
0.733000  1.015866802769
0.734000  1.015759520262
0.735000  1.015652872535
0.736000  1.015546855254
0.737000  1.015441464108
0.738000  1.015336694813
0.739000  1.015232543111
0.740000  1.015129004769
0.741000  1.015026075580
0.742000  1.014923751362
0.743000  1.014822027958
0.744000  1.014720901236
0.745000  1.014620367088
0.746000  1.014520421431
0.747000  1.014421060207
0.748000  1.014322279382
0.749000  1.014224074944
0.750000  1.014126442907
0.751000  1.014029379309
0.752000  1.013932880209
0.753000  1.013836941691
0.754000  1.013741559863
0.755000  1.013646730854
0.756000  1.013552450817
0.757000  1.013458715927
0.758000  1.013365522382
0.759000  1.013272866403
0.760000  1.013180744232
0.761000  1.013089152133
0.762000  1.012998086393
0.763000  1.012907543319
0.764000  1.012817519242
0.765000  1.012728010511
0.766000  1.012639013499
0.767000  1.012550524599
0.768000  1.012462540226
0.769000  1.012375056815
0.770000  1.012288070820
0.771000  1.012201578718
0.772000  1.012115577005
0.773000  1.012030062198
0.774000  1.011945030833
0.775000  1.011860479467
0.776000  1.011776404676
0.777000  1.011692803056
0.778000  1.011609671222
0.779000  1.011527005809
0.780000  1.011444803470
0.781000  1.011363060879
0.782000  1.011281774726
0.783000  1.011200941722
0.784000  1.011120558597
0.785000  1.011040622098
0.786000  1.010961128991
0.787000  1.010882076059
0.788000  1.010803460106
0.789000  1.010725277951
0.790000  1.010647526431
0.791000  1.010570202404
0.792000  1.010493302741
0.793000  1.010416824333
0.794000  1.010340764089
0.795000  1.010265118932
0.796000  1.010189885806
0.797000  1.010115061668
0.798000  1.010040643496
0.799000  1.009966628280
0.800000  1.009893013030
0.801000  1.009819794770
0.802000  1.009746970544
0.803000  1.009674537407
0.804000  1.009602492434
0.805000  1.009530832715
0.806000  1.009459555354
0.807000  1.009388657472
0.808000  1.009318136207
0.809000  1.009247988710
0.810000  1.009178212149
0.811000  1.009108803705
0.812000  1.009039760576
0.813000  1.008971079976
0.814000  1.008902759131
0.815000  1.008834795282
0.816000  1.008767185688
0.817000  1.008699927618
0.818000  1.008633018359
0.819000  1.008566455210
0.820000  1.008500235485
0.821000  1.008434356512
0.822000  1.008368815633
0.823000  1.008303610204
0.824000  1.008238737594
0.825000  1.008174195186
0.826000  1.008109980376
0.827000  1.008046090575
0.828000  1.007982523206
0.829000  1.007919275705
0.830000  1.007856345522
0.831000  1.007793730118
0.832000  1.007731426970
0.833000  1.007669433565
0.834000  1.007607747404
0.835000  1.007546366000
0.836000  1.007485286879
0.837000  1.007424507578
0.838000  1.007364025648
0.839000  1.007303838652
0.840000  1.007243944164
0.841000  1.007184339769
0.842000  1.007125023067
0.843000  1.007065991667
0.844000  1.007007243191
0.845000  1.006948775272
0.846000  1.006890585554
0.847000  1.006832671693
0.848000  1.006775031357
0.849000  1.006717662224
0.850000  1.006660561983
0.851000  1.006603728334
0.852000  1.006547158989
0.853000  1.006490851670
0.854000  1.006434804109
0.855000  1.006379014050
0.856000  1.006323479246
0.857000  1.006268197462
0.858000  1.006213166471
0.859000  1.006158384060
0.860000  1.006103848022
0.861000  1.006049556162
0.862000  1.005995506296
0.863000  1.005941696248
0.864000  1.005888123851
0.865000  1.005834786952
0.866000  1.005781683403
0.867000  1.005728811067
0.868000  1.005676167817
0.869000  1.005623751536
0.870000  1.005571560113
0.871000  1.005519591451
0.872000  1.005467843458
0.873000  1.005416314052
0.874000  1.005365001162
0.875000  1.005313902723
0.876000  1.005263016680
0.877000  1.005212340986
0.878000  1.005161873605
0.879000  1.005111612505
0.880000  1.005061555668
0.881000  1.005011701078
0.882000  1.004962046734
0.883000  1.004912590637
0.884000  1.004863330800
0.885000  1.004814265242
0.886000  1.004765391992
0.887000  1.004716709085
0.888000  1.004668214563
0.889000  1.004619906479
0.890000  1.004571782889
0.891000  1.004523841862
0.892000  1.004476081469
0.893000  1.004428499792
0.894000  1.004381094918
0.895000  1.004333864944
0.896000  1.004286807971
0.897000  1.004239922110
0.898000  1.004193205475
0.899000  1.004146656191
0.900000  1.004100272388
0.901000  1.004054052202
0.902000  1.004007993777
0.903000  1.003962095264
0.904000  1.003916354818
0.905000  1.003870770603
0.906000  1.003825340788
0.907000  1.003780063549
0.908000  1.003734937067
0.909000  1.003689959532
0.910000  1.003645129136
0.911000  1.003600444079
0.912000  1.003555902569
0.913000  1.003511502817
0.914000  1.003467243039
0.915000  1.003423121461
0.916000  1.003379136310
0.917000  1.003335285820
0.918000  1.003291568233
0.919000  1.003247981794
0.920000  1.003204524752
0.921000  1.003161195364
0.922000  1.003117991892
0.923000  1.003074912601
0.924000  1.003031955764
0.925000  1.002989119655
0.926000  1.002946402558
0.927000  1.002903802757
0.928000  1.002861318544
0.929000  1.002818948214
0.930000  1.002776690068
0.931000  1.002734542410
0.932000  1.002692503550
0.933000  1.002650571802
0.934000  1.002608745483
0.935000  1.002567022917
0.936000  1.002525402429
0.937000  1.002483882351
0.938000  1.002442461018
0.939000  1.002401136769
0.940000  1.002359907946
0.941000  1.002318772897
0.942000  1.002277729971
0.943000  1.002236777525
0.944000  1.002195913914
0.945000  1.002155137503
0.946000  1.002114446655
0.947000  1.002073839739
0.948000  1.002033315128
0.949000  1.001992871198
0.950000  1.001952506327
0.951000  1.001912218897
0.952000  1.001872007294
0.953000  1.001831869906
0.954000  1.001791805125
0.955000  1.001751811345
0.956000  1.001711886963
0.957000  1.001672030380
0.958000  1.001632239998
0.959000  1.001592514224
0.960000  1.001552851465
0.961000  1.001513250132
0.962000  1.001473708639
0.963000  1.001434225403
0.964000  1.001394798840
0.965000  1.001355427372
0.966000  1.001316109422
0.967000  1.001276843415
0.968000  1.001237627777
0.969000  1.001198460940
0.970000  1.001159341332
0.971000  1.001120267389
0.972000  1.001081237546
0.973000  1.001042250238
0.974000  1.001003303906
0.975000  1.000964396989
0.976000  1.000925527929
0.977000  1.000886695172
0.978000  1.000847897161
0.979000  1.000809132343
0.980000  1.000770399166
0.981000  1.000731696080
0.982000  1.000693021536
0.983000  1.000654373985
0.984000  1.000615751880
0.985000  1.000577153676
0.986000  1.000538577826
0.987000  1.000500022789
0.988000  1.000461487020
0.989000  1.000422968977
0.990000  1.000384467118
0.991000  1.000345979904
0.992000  1.000307505794
0.993000  1.000269043247
0.994000  1.000230590727
0.995000  1.000192146693
0.996000  1.000153709607
0.997000  1.000115277933
0.998000  1.000076850132
0.999000  1.000038424666
1.000000  1.000000000000
